1.000000000000000000e+01 -3.109516986719310573e-13
1.010204081632653050e+01 -3.932859731450853743e-13
1.020408163265306101e+01 -4.972851345892317137e-13
1.030612244897959151e+01 -6.285267514801490219e-13
1.040816326530612201e+01 -7.942134483702855440e-13
1.051020408163265252e+01 -1.003720103432775859e-12
1.061224489795918302e+01 -1.267831603277134062e-12
1.071428571428571352e+01 -1.600265439443179533e-12
1.081632653061224403e+01 -2.019269405105352475e-12
1.091836734693877631e+01 -2.546620291701226978e-12
1.102040816326530681e+01 -3.208209261351420639e-12
1.112244897959183731e+01 -4.037357950434444005e-12
1.122448979591836782e+01 -5.071908291777149166e-12
1.132653061224489832e+01 -6.360086308769892546e-12
1.142857142857142883e+01 -7.957121358634421323e-12
1.153061224489795933e+01 -9.926511507522838444e-12
1.163265306122448983e+01 -1.233808725580025065e-11
1.173469387755102034e+01 -1.526488587871248801e-11
1.183673469387755084e+01 -1.877588142400610875e-11
1.193877551020408134e+01 -2.292467418970579574e-11
1.204081632653061185e+01 -2.773024664923043384e-11
1.214285714285714235e+01 -3.315026421091775067e-11
1.224489795918367463e+01 -3.904451666051201459e-11
1.234693877551020336e+01 -4.511371454762615990e-11
1.244897959183673564e+01 -5.092506829483988441e-11
1.255102040816326436e+01 -5.579975904596194859e-11
1.265306122448979664e+01 -5.888683567707463305e-11
1.275510204081632715e+01 -5.927328661456796549e-11
1.285714285714285765e+01 -5.621767073700301059e-11
1.295918367346938815e+01 -4.949171991020800594e-11
1.306122448979591866e+01 -3.969962758136512084e-11
1.316326530612244916e+01 -2.836057469604186491e-11
1.326530612244897966e+01 -1.754918388871636543e-11
1.336734693877551017e+01 -9.097800006936041377e-12
1.346938775510204067e+01 -3.800820308606995347e-12
1.357142857142857117e+01 -1.223529363241519127e-12
1.367346938775510168e+01 -2.892952586338603368e-13
1.377551020408163218e+01 -4.788832174504605369e-14
1.387755102040816269e+01 -5.306300648251416580e-15
1.397959183673469497e+01 -3.891994463091999628e-16
1.408163265306122369e+01 -4.451918106815599332e-17
1.418367346938775597e+01 -2.639671341857496861e-18
1.428571428571428470e+01 8.068731638340705094e-18
1.438775510204081698e+01 -3.386924319330630402e-17
1.448979591836734748e+01 1.596275336661637903e-15
1.459183673469387799e+01 7.363872229128477396e-15
1.469387755102040849e+01 9.101164513743716660e-15
1.479591836734693899e+01 -6.751787365755175251e-16
1.489795918367346950e+01 -2.845282294491588258e-17
1.500000000000000000e+01 8.882394195661503100e-17
