8.000000000000000000e+00 -1.000000000000000000e+00 -6.530845635788680737e-14
8.000000000000000000e+00 -7.916666666666666297e-01 -5.903353494492252964e-14
8.000000000000000000e+00 -5.833333333333332593e-01 -4.924486773551500809e-14
8.000000000000000000e+00 -3.750000000000000000e-01 -3.919721525570781966e-14
8.000000000000000000e+00 -1.666666666666666297e-01 -2.856759435976090812e-14
8.000000000000000000e+00 4.166666666666674068e-02 -1.922262455818740267e-14
8.000000000000000000e+00 2.500000000000000000e-01 -1.187117192388280299e-14
8.000000000000000000e+00 4.583333333333334814e-01 -6.931197526555053054e-15
8.000000000000000000e+00 6.666666666666667407e-01 -4.326956947878166275e-15
8.000000000000000000e+00 8.750000000000000000e-01 -3.382582105644895613e-15
8.000000000000000000e+00 1.083333333333333481e+00 -3.183992167860523533e-15
8.000000000000000000e+00 1.291666666666666963e+00 -3.164851302448354366e-15
8.000000000000000000e+00 1.500000000000000000e+00 -3.164719691872949391e-15
8.000000000000000000e+00 1.708333333333333481e+00 -3.164418566538374726e-15
8.000000000000000000e+00 1.916666666666666963e+00 -3.164544389167761549e-15
8.000000000000000000e+00 2.125000000000000000e+00 -3.164680550559158298e-15
8.000000000000000000e+00 2.333333333333333481e+00 -3.164048519474772149e-15
8.000000000000000000e+00 2.541666666666666963e+00 -1.981978533612597371e-15
8.000000000000000000e+00 2.750000000000000000e+00 -1.497514433130492880e-15
8.000000000000000000e+00 2.958333333333333481e+00 -1.120856952805494462e-15
8.000000000000000000e+00 3.166666666666666963e+00 -8.683112293387069535e-16
8.000000000000000000e+00 3.375000000000000000e+00 -6.864875263465363506e-16
8.000000000000000000e+00 3.583333333333333925e+00 -5.385597931346255394e-16
8.000000000000000000e+00 3.791666666666666963e+00 -4.214236200176477469e-16
8.000000000000000000e+00 4.000000000000000000e+00 -3.289874240015520323e-16
8.291666666666666075e+00 -1.000000000000000000e+00 -1.213601588336076799e-13
8.291666666666666075e+00 -7.916666666666666297e-01 -1.048979038352559784e-13
8.291666666666666075e+00 -5.833333333333332593e-01 -8.523838016134448365e-14
8.291666666666666075e+00 -3.750000000000000000e-01 -6.175423294014535265e-14
8.291666666666666075e+00 -1.666666666666666297e-01 -4.023874061590567646e-14
8.291666666666666075e+00 4.166666666666674068e-02 -2.348486905932568043e-14
8.291666666666666075e+00 2.500000000000000000e-01 -1.288796628397546230e-14
8.291666666666666075e+00 4.583333333333334814e-01 -7.934161421995195748e-15
8.291666666666666075e+00 6.666666666666667407e-01 -6.445568301984843303e-15
8.291666666666666075e+00 8.750000000000000000e-01 -6.209693314711197558e-15
8.291666666666666075e+00 1.083333333333333481e+00 -6.193569757381397746e-15
8.291666666666666075e+00 1.291666666666666963e+00 -6.193921758598354266e-15
8.291666666666666075e+00 1.500000000000000000e+00 -6.193830748247464022e-15
8.291666666666666075e+00 1.708333333333333481e+00 -6.193852554992373875e-15
8.291666666666666075e+00 1.916666666666666963e+00 -6.193675244888406321e-15
8.291666666666666075e+00 2.125000000000000000e+00 -6.192955001605019227e-15
8.291666666666666075e+00 2.333333333333333481e+00 -4.559860515957874168e-15
8.291666666666666075e+00 2.541666666666666963e+00 -3.680322963673427909e-15
8.291666666666666075e+00 2.750000000000000000e+00 -2.785492037664069515e-15
8.291666666666666075e+00 2.958333333333333481e+00 -2.160812397612672277e-15
8.291666666666666075e+00 3.166666666666666963e+00 -1.707070342446404875e-15
8.291666666666666075e+00 3.375000000000000000e+00 -1.338238945242277349e-15
8.291666666666666075e+00 3.583333333333333925e+00 -1.046186747758075391e-15
8.291666666666666075e+00 3.791666666666666963e+00 -8.153387056843452054e-16
8.291666666666666075e+00 4.000000000000000000e+00 -6.315758241223666661e-16
8.583333333333333925e+00 -1.000000000000000000e+00 -2.112165991870803406e-13
8.583333333333333925e+00 -7.916666666666666297e-01 -1.768825378286886531e-13
8.583333333333333925e+00 -5.833333333333332593e-01 -1.282268930574249568e-13
8.583333333333333925e+00 -3.750000000000000000e-01 -8.109654866599976305e-14
8.583333333333333925e+00 -1.666666666666666297e-01 -4.469415250409388859e-14
8.583333333333333925e+00 4.166666666666674068e-02 -2.323651290162926327e-14
8.583333333333333925e+00 2.500000000000000000e-01 -1.448980682020073359e-14
8.583333333333333925e+00 4.583333333333334814e-01 -1.237771710787735282e-14
8.583333333333333925e+00 6.666666666666667407e-01 -1.213510437009704282e-14
8.583333333333333925e+00 8.750000000000000000e-01 -1.212316781910715986e-14
8.583333333333333925e+00 1.083333333333333481e+00 -1.212245144224958531e-14
8.583333333333333925e+00 1.291666666666666963e+00 -1.212391968809820708e-14
8.583333333333333925e+00 1.500000000000000000e+00 -1.212273839630510384e-14
8.583333333333333925e+00 1.708333333333333481e+00 -1.212169960967634122e-14
8.583333333333333925e+00 1.916666666666666963e+00 -1.212491943412422705e-14
8.583333333333333925e+00 2.125000000000000000e+00 -1.031007520597921202e-14
8.583333333333333925e+00 2.333333333333333481e+00 -9.048050643631188923e-15
8.583333333333333925e+00 2.541666666666666963e+00 -6.921858419357748417e-15
8.583333333333333925e+00 2.750000000000000000e+00 -5.376578637089759336e-15
8.583333333333333925e+00 2.958333333333333481e+00 -4.244136315290441474e-15
8.583333333333333925e+00 3.166666666666666963e+00 -3.324311367446308475e-15
8.583333333333333925e+00 3.375000000000000000e+00 -2.595736012191888462e-15
8.583333333333333925e+00 3.583333333333333925e+00 -2.018656402925631288e-15
8.583333333333333925e+00 3.791666666666666963e+00 -1.557640171388315886e-15
8.583333333333333925e+00 4.000000000000000000e+00 -1.184312645818773946e-15
8.875000000000000000e+00 -1.000000000000000000e+00 -3.452153002819050412e-13
8.875000000000000000e+00 -7.916666666666666297e-01 -2.519826547283074291e-13
8.875000000000000000e+00 -5.833333333333332593e-01 -1.553844796756863233e-13
8.875000000000000000e+00 -3.750000000000000000e-01 -8.112115171218685661e-14
8.875000000000000000e+00 -1.666666666666666297e-01 -4.067512611608951892e-14
8.875000000000000000e+00 4.166666666666674068e-02 -2.660166282380532807e-14
8.875000000000000000e+00 2.500000000000000000e-01 -2.394710070446470624e-14
8.875000000000000000e+00 4.583333333333334814e-01 -2.373420127384176795e-14
8.875000000000000000e+00 6.666666666666667407e-01 -2.372750779397759059e-14
8.875000000000000000e+00 8.750000000000000000e-01 -2.372302720403939358e-14
8.875000000000000000e+00 1.083333333333333481e+00 -2.372697995846293416e-14
8.875000000000000000e+00 1.291666666666666963e+00 -2.372821158080102551e-14
8.875000000000000000e+00 1.500000000000000000e+00 -2.372816337179579253e-14
8.875000000000000000e+00 1.708333333333333481e+00 -2.372632945452560984e-14
8.875000000000000000e+00 1.916666666666666963e+00 -2.269188969039985276e-14
8.875000000000000000e+00 2.125000000000000000e+00 -2.226272664944613541e-14
8.875000000000000000e+00 2.333333333333333481e+00 -1.719919425085887404e-14
8.875000000000000000e+00 2.541666666666666963e+00 -1.337592120659485627e-14
8.875000000000000000e+00 2.750000000000000000e+00 -1.054942803223211219e-14
8.875000000000000000e+00 2.958333333333333481e+00 -8.254709486930485888e-15
8.875000000000000000e+00 3.166666666666666963e+00 -6.435893062151256015e-15
8.875000000000000000e+00 3.375000000000000000e+00 -4.991543068047697933e-15
8.875000000000000000e+00 3.583333333333333925e+00 -3.832638345740499980e-15
8.875000000000000000e+00 3.791666666666666963e+00 -2.887596626944520478e-15
8.875000000000000000e+00 4.000000000000000000e+00 -2.099844872917211700e-15
9.166666666666666075e+00 -1.000000000000000000e+00 -4.619118128968327640e-13
9.166666666666666075e+00 -7.916666666666666297e-01 -2.786503851860061103e-13
9.166666666666666075e+00 -5.833333333333332593e-01 -1.393085705519738580e-13
9.166666666666666075e+00 -3.750000000000000000e-01 -6.976824643971035147e-14
9.166666666666666075e+00 -1.666666666666666297e-01 -4.947807598583771927e-14
9.166666666666666075e+00 4.166666666666674068e-02 -4.659364503034872250e-14
9.166666666666666075e+00 2.500000000000000000e-01 -4.644112787833565588e-14
9.166666666666666075e+00 4.583333333333334814e-01 -4.643844164309581067e-14
9.166666666666666075e+00 6.666666666666667407e-01 -4.643338838676502781e-14
9.166666666666666075e+00 8.750000000000000000e-01 -4.643760767327312163e-14
9.166666666666666075e+00 1.083333333333333481e+00 -4.643990843926433947e-14
9.166666666666666075e+00 1.291666666666666963e+00 -4.643763329567151607e-14
9.166666666666666075e+00 1.500000000000000000e+00 -4.643709692124353600e-14
9.166666666666666075e+00 1.708333333333333481e+00 -4.807853761044431024e-14
9.166666666666666075e+00 1.916666666666666963e+00 -5.478943455962684366e-14
9.166666666666666075e+00 2.125000000000000000e+00 -4.273337901281295215e-14
9.166666666666666075e+00 2.333333333333333481e+00 -3.326990742414935231e-14
9.166666666666666075e+00 2.541666666666666963e+00 -2.621423297551952667e-14
9.166666666666666075e+00 2.750000000000000000e+00 -2.048744579535707592e-14
9.166666666666666075e+00 2.958333333333333481e+00 -1.594302899883365971e-14
9.166666666666666075e+00 3.166666666666666963e+00 -1.232269882328610251e-14
9.166666666666666075e+00 3.375000000000000000e+00 -9.402316123305152870e-15
9.166666666666666075e+00 3.583333333333333925e+00 -7.001615812098715067e-15
9.166666666666666075e+00 3.791666666666666963e+00 -4.983526594647204607e-15
9.166666666666666075e+00 4.000000000000000000e+00 -3.281372527939511733e-15
9.458333333333333925e+00 -1.000000000000000000e+00 -4.625554547937598431e-13
9.458333333333333925e+00 -7.916666666666666297e-01 -2.257304894945841271e-13
9.458333333333333925e+00 -5.833333333333332593e-01 -1.190923843609606120e-13
9.458333333333333925e+00 -3.750000000000000000e-01 -9.361067851260588909e-14
9.458333333333333925e+00 -1.666666666666666297e-01 -9.096980263556792731e-14
9.458333333333333925e+00 4.166666666666674068e-02 -9.087894713775380084e-14
9.458333333333333925e+00 2.500000000000000000e-01 -9.087252457599269239e-14
9.458333333333333925e+00 4.583333333333334814e-01 -9.087477883248759525e-14
9.458333333333333925e+00 6.666666666666667407e-01 -9.087574755412363196e-14
9.458333333333333925e+00 8.750000000000000000e-01 -9.088439220653522474e-14
9.458333333333333925e+00 1.083333333333333481e+00 -9.087005483566827466e-14
9.458333333333333925e+00 1.291666666666666963e+00 -9.087117551103179851e-14
9.458333333333333925e+00 1.500000000000000000e+00 -9.700221959596346302e-14
9.458333333333333925e+00 1.708333333333333481e+00 -1.348480582002989376e-13
9.458333333333333925e+00 1.916666666666666963e+00 -1.061593243462455230e-13
9.458333333333333925e+00 2.125000000000000000e+00 -8.272977480998070053e-14
9.458333333333333925e+00 2.333333333333333481e+00 -6.511518396399549256e-14
9.458333333333333925e+00 2.541666666666666963e+00 -5.081623130407541790e-14
9.458333333333333925e+00 2.750000000000000000e+00 -3.944966703431397430e-14
9.458333333333333925e+00 2.958333333333333481e+00 -3.035861979842209389e-14
9.458333333333333925e+00 3.166666666666666963e+00 -2.297798527571435234e-14
9.458333333333333925e+00 3.375000000000000000e+00 -1.685701261815787891e-14
9.458333333333333925e+00 3.583333333333333925e+00 -1.168089230401441765e-14
9.458333333333333925e+00 3.791666666666666963e+00 -7.385636101845523280e-15
9.458333333333333925e+00 4.000000000000000000e+00 -4.188923833344264911e-15
9.750000000000000000e+00 -1.000000000000000000e+00 -3.495391626670499569e-13
9.750000000000000000e+00 -7.916666666666666297e-01 -2.070298138605245179e-13
9.750000000000000000e+00 -5.833333333333332593e-01 -1.797657367465337195e-13
9.750000000000000000e+00 -3.750000000000000000e-01 -1.778117140102122359e-13
9.750000000000000000e+00 -1.666666666666666297e-01 -1.777830408700319749e-13
9.750000000000000000e+00 4.166666666666674068e-02 -1.777646918929648838e-13
9.750000000000000000e+00 2.500000000000000000e-01 -1.777713439353156213e-13
9.750000000000000000e+00 4.583333333333334814e-01 -1.777804092153034879e-13
9.750000000000000000e+00 6.666666666666667407e-01 -1.777703879617993308e-13
9.750000000000000000e+00 8.750000000000000000e-01 -1.777818404534917468e-13
9.750000000000000000e+00 1.083333333333333481e+00 -1.778040952674829277e-13
9.750000000000000000e+00 1.291666666666666963e+00 -1.855029111439436432e-13
9.750000000000000000e+00 1.500000000000000000e+00 -3.318625867839672797e-13
9.750000000000000000e+00 1.708333333333333481e+00 -2.635805825619522804e-13
9.750000000000000000e+00 1.916666666666666963e+00 -2.056448839668951801e-13
9.750000000000000000e+00 2.125000000000000000e+00 -1.616653312648228733e-13
9.750000000000000000e+00 2.333333333333333481e+00 -1.259420523097221654e-13
9.750000000000000000e+00 2.541666666666666963e+00 -9.747516419481936554e-14
9.750000000000000000e+00 2.750000000000000000e+00 -7.459596323113675642e-14
9.750000000000000000e+00 2.958333333333333481e+00 -5.588094958271618088e-14
9.750000000000000000e+00 3.166666666666666963e+00 -4.022122257346642241e-14
9.750000000000000000e+00 3.375000000000000000e+00 -2.697507283368757864e-14
9.750000000000000000e+00 3.583333333333333925e+00 -1.633204496465728897e-14
9.750000000000000000e+00 3.791666666666666963e+00 -8.860044406689790837e-15
9.750000000000000000e+00 4.000000000000000000e+00 -4.092676519174714142e-15
1.004166666666666785e+01 -1.000000000000000000e+00 -3.726552620851471538e-13
1.004166666666666785e+01 -7.916666666666666297e-01 -3.488230848219175316e-13
1.004166666666666785e+01 -5.833333333333332593e-01 -3.476259887940956543e-13
1.004166666666666785e+01 -3.750000000000000000e-01 -3.476373680080218347e-13
1.004166666666666785e+01 -1.666666666666666297e-01 -3.476785747364668143e-13
1.004166666666666785e+01 4.166666666666674068e-02 -3.476526006769288123e-13
1.004166666666666785e+01 2.500000000000000000e-01 -3.476798167013555782e-13
1.004166666666666785e+01 4.583333333333334814e-01 -3.476262543163643074e-13
1.004166666666666785e+01 6.666666666666667407e-01 -3.476443153334741055e-13
1.004166666666666785e+01 8.750000000000000000e-01 -3.476673630077730929e-13
1.004166666666666785e+01 1.083333333333333481e+00 -3.400793567329145775e-13
1.004166666666666785e+01 1.291666666666666963e+00 -8.161742038705377727e-13
1.004166666666666785e+01 1.500000000000000000e+00 -6.542511474340509255e-13
1.004166666666666785e+01 1.708333333333333481e+00 -5.149314916050221834e-13
1.004166666666666785e+01 1.916666666666666963e+00 -4.011268157947232928e-13
1.004166666666666785e+01 2.125000000000000000e+00 -3.118158715051091730e-13
1.004166666666666785e+01 2.333333333333333481e+00 -2.404085751551061773e-13
1.004166666666666785e+01 2.541666666666666963e+00 -1.826772886871569372e-13
1.004166666666666785e+01 2.750000000000000000e+00 -1.350492386260080949e-13
1.004166666666666785e+01 2.958333333333333481e+00 -9.489655302248840532e-14
1.004166666666666785e+01 3.166666666666666963e+00 -6.125630163004367839e-14
1.004166666666666785e+01 3.375000000000000000e+00 -3.550219200961786471e-14
1.004166666666666785e+01 3.583333333333333925e+00 -1.829024615348276257e-14
1.004166666666666785e+01 3.791666666666666963e+00 -7.661299164735899843e-15
1.004166666666666785e+01 4.000000000000000000e+00 -2.505809766059265098e-15
1.033333333333333393e+01 -1.000000000000000000e+00 -6.797859918020897067e-13
1.033333333333333393e+01 -7.916666666666666297e-01 -6.793505129149140994e-13
1.033333333333333393e+01 -5.833333333333332593e-01 -6.793215624732446357e-13
1.033333333333333393e+01 -3.750000000000000000e-01 -6.792307199602213128e-13
1.033333333333333393e+01 -1.666666666666666297e-01 -6.792779288629320704e-13
1.033333333333333393e+01 4.166666666666674068e-02 -6.791917313815178265e-13
1.033333333333333393e+01 2.500000000000000000e-01 -6.792092714877041564e-13
1.033333333333333393e+01 4.583333333333334814e-01 -6.793061232488392007e-13
1.033333333333333393e+01 6.666666666666667407e-01 -6.792327470445134556e-13
1.033333333333333393e+01 8.750000000000000000e-01 -6.202072097882668298e-13
1.033333333333333393e+01 1.083333333333333481e+00 -2.004694606860740048e-12
1.033333333333333393e+01 1.291666666666666963e+00 -1.622693954022703198e-12
1.033333333333333393e+01 1.500000000000000000e+00 -1.278045029037530515e-12
1.033333333333333393e+01 1.708333333333333481e+00 -9.944787856930745664e-13
1.033333333333333393e+01 1.916666666666666963e+00 -7.710077997058162299e-13
1.033333333333333393e+01 2.125000000000000000e+00 -5.915492133359419300e-13
1.033333333333333393e+01 2.333333333333333481e+00 -4.454256980465707692e-13
1.033333333333333393e+01 2.541666666666666963e+00 -3.237804351062762887e-13
1.033333333333333393e+01 2.750000000000000000e+00 -2.208555805802543690e-13
1.033333333333333393e+01 2.958333333333333481e+00 -1.366637398631827954e-13
1.033333333333333393e+01 3.166666666666666963e+00 -7.583763460074328213e-14
1.033333333333333393e+01 3.375000000000000000e+00 -3.652279571970180442e-14
1.033333333333333393e+01 3.583333333333333925e+00 -1.374374809972527019e-14
1.033333333333333393e+01 3.791666666666666963e+00 -4.226047038416055508e-15
1.033333333333333393e+01 4.000000000000000000e+00 -1.222261177213443368e-15
1.062500000000000000e+01 -1.000000000000000000e+00 -1.324688966154780699e-12
1.062500000000000000e+01 -7.916666666666666297e-01 -1.324995046897410392e-12
1.062500000000000000e+01 -5.833333333333332593e-01 -1.324736144170047468e-12
1.062500000000000000e+01 -3.750000000000000000e-01 -1.324808428505449452e-12
1.062500000000000000e+01 -1.666666666666666297e-01 -1.324894426194177943e-12
1.062500000000000000e+01 4.166666666666674068e-02 -1.324891729180835175e-12
1.062500000000000000e+01 2.500000000000000000e-01 -1.324947885542998023e-12
1.062500000000000000e+01 4.583333333333334814e-01 -1.324755111148049128e-12
1.062500000000000000e+01 6.666666666666667407e-01 -1.180163078656263566e-12
1.062500000000000000e+01 8.750000000000000000e-01 -4.909786538876476850e-12
1.062500000000000000e+01 1.083333333333333481e+00 -4.019008831121784369e-12
1.062500000000000000e+01 1.291666666666666963e+00 -3.169287199488287128e-12
1.062500000000000000e+01 1.500000000000000000e+00 -2.462901301715806325e-12
1.062500000000000000e+01 1.708333333333333481e+00 -1.903222318971784538e-12
1.062500000000000000e+01 1.916666666666666963e+00 -1.451202922145364555e-12
1.062500000000000000e+01 2.125000000000000000e+00 -1.080083838571405660e-12
1.062500000000000000e+01 2.333333333333333481e+00 -7.684814800673937722e-13
1.062500000000000000e+01 2.541666666666666963e+00 -5.058918066414787858e-13
1.062500000000000000e+01 2.750000000000000000e+00 -2.996396981769960674e-13
1.062500000000000000e+01 2.958333333333333481e+00 -1.586409318729365482e-13
1.062500000000000000e+01 3.166666666666666963e+00 -6.994157951931448237e-14
1.062500000000000000e+01 3.375000000000000000e+00 -2.385104552662947515e-14
1.062500000000000000e+01 3.583333333333333925e+00 -7.071404866190426999e-15
1.062500000000000000e+01 3.791666666666666963e+00 -2.043546330416384565e-15
1.062500000000000000e+01 4.000000000000000000e+00 -6.167894292524833087e-16
1.091666666666666785e+01 -1.000000000000000000e+00 -2.575432769149221522e-12
1.091666666666666785e+01 -7.916666666666666297e-01 -2.575159376541664882e-12
1.091666666666666785e+01 -5.833333333333332593e-01 -2.575194620822787485e-12
1.091666666666666785e+01 -3.750000000000000000e-01 -2.575112940196469048e-12
1.091666666666666785e+01 -1.666666666666666297e-01 -2.575270731742388963e-12
1.091666666666666785e+01 4.166666666666674068e-02 -2.575381724827524021e-12
1.091666666666666785e+01 2.500000000000000000e-01 -2.575307428606084982e-12
1.091666666666666785e+01 4.583333333333334814e-01 -2.359446530688218980e-12
1.091666666666666785e+01 6.666666666666667407e-01 -1.196342770367262652e-11
1.091666666666666785e+01 8.750000000000000000e-01 -9.929228439535553352e-12
1.091666666666666785e+01 1.083333333333333481e+00 -7.848060632730138474e-12
1.091666666666666785e+01 1.291666666666666963e+00 -6.090816502247980132e-12
1.091666666666666785e+01 1.500000000000000000e+00 -4.687824549383090388e-12
1.091666666666666785e+01 1.708333333333333481e+00 -3.546383579131351675e-12
1.091666666666666785e+01 1.916666666666666963e+00 -2.600493044632684815e-12
1.091666666666666785e+01 2.125000000000000000e+00 -1.801418449874713970e-12
1.091666666666666785e+01 2.333333333333333481e+00 -1.138821586117375781e-12
1.091666666666666785e+01 2.541666666666666963e+00 -6.458954608904789013e-13
1.091666666666666785e+01 2.750000000000000000e+00 -3.225504243571316936e-13
1.091666666666666785e+01 2.958333333333333481e+00 -1.281197550229497063e-13
1.091666666666666785e+01 3.166666666666666963e+00 -4.053091976889349513e-14
1.091666666666666785e+01 3.375000000000000000e+00 -1.180240747361370208e-14
1.091666666666666785e+01 3.583333333333333925e+00 -3.450913645629946488e-15
1.091666666666666785e+01 3.791666666666666963e+00 -1.061918245281647628e-15
1.091666666666666785e+01 4.000000000000000000e+00 -2.888030916227920124e-16
1.120833333333333393e+01 -1.000000000000000000e+00 -4.972464887907278200e-12
1.120833333333333393e+01 -7.916666666666666297e-01 -4.972596116077505878e-12
1.120833333333333393e+01 -5.833333333333332593e-01 -4.971815796063172524e-12
1.120833333333333393e+01 -3.750000000000000000e-01 -4.972074322868599020e-12
1.120833333333333393e+01 -1.666666666666666297e-01 -4.972157248420365857e-12
1.120833333333333393e+01 4.166666666666674068e-02 -4.972062463097572085e-12
1.120833333333333393e+01 2.500000000000000000e-01 -4.769458197483141353e-12
1.120833333333333393e+01 4.583333333333334814e-01 -2.885959010910008238e-11
1.120833333333333393e+01 6.666666666666667407e-01 -2.442829372213571874e-11
1.120833333333333393e+01 8.750000000000000000e-01 -1.939044219445154748e-11
1.120833333333333393e+01 1.083333333333333481e+00 -1.503288880952221149e-11
1.120833333333333393e+01 1.291666666666666963e+00 -1.151333876850273700e-11
1.120833333333333393e+01 1.500000000000000000e+00 -8.623229830559439802e-12
1.120833333333333393e+01 1.708333333333333481e+00 -6.204876270477618589e-12
1.120833333333333393e+01 1.916666666666666963e+00 -4.160513603464172697e-12
1.120833333333333393e+01 2.125000000000000000e+00 -2.518797723616775120e-12
1.120833333333333393e+01 2.333333333333333481e+00 -1.366537659817746316e-12
1.120833333333333393e+01 2.541666666666666963e+00 -6.314662124071317793e-13
1.120833333333333393e+01 2.750000000000000000e+00 -2.258729173940098946e-13
1.120833333333333393e+01 2.958333333333333481e+00 -6.813090824482647473e-14
1.120833333333333393e+01 3.166666666666666963e+00 -1.974307427405460304e-14
1.120833333333333393e+01 3.375000000000000000e+00 -5.920387271905310151e-15
1.120833333333333393e+01 3.583333333333333925e+00 -1.800599227732945353e-15
1.120833333333333393e+01 3.791666666666666963e+00 -4.578081657192820651e-16
1.120833333333333393e+01 4.000000000000000000e+00 -1.116918885334957457e-16
1.150000000000000000e+01 -1.000000000000000000e+00 -9.476951521663753998e-12
1.150000000000000000e+01 -7.916666666666666297e-01 -9.476020396717342700e-12
1.150000000000000000e+01 -5.833333333333332593e-01 -9.476612734314251914e-12
1.150000000000000000e+01 -3.750000000000000000e-01 -9.477209266687475979e-12
1.150000000000000000e+01 -1.666666666666666297e-01 -9.476361272775596375e-12
1.150000000000000000e+01 4.166666666666674068e-02 -9.352371078929781486e-12
1.150000000000000000e+01 2.500000000000000000e-01 -6.835916580121139330e-11
1.150000000000000000e+01 4.583333333333334814e-01 -5.962179065966514796e-11
1.150000000000000000e+01 6.666666666666667407e-01 -4.773245932206420350e-11
1.150000000000000000e+01 8.750000000000000000e-01 -3.699745592519739145e-11
1.150000000000000000e+01 1.083333333333333481e+00 -2.816784450116637094e-11
1.150000000000000000e+01 1.291666666666666963e+00 -2.083205563303091955e-11
1.150000000000000000e+01 1.500000000000000000e+00 -1.463834880152748012e-11
1.150000000000000000e+01 1.708333333333333481e+00 -9.448874252731771985e-12
1.150000000000000000e+01 1.916666666666666963e+00 -5.476651246355872784e-12
1.150000000000000000e+01 2.125000000000000000e+00 -2.822183428492730105e-12
1.150000000000000000e+01 2.333333333333333481e+00 -1.183042587309995296e-12
1.150000000000000000e+01 2.541666666666666963e+00 -3.877567823515867398e-13
1.150000000000000000e+01 2.750000000000000000e+00 -1.140681401869223149e-13
1.150000000000000000e+01 2.958333333333333481e+00 -3.331005526757686860e-14
1.150000000000000000e+01 3.166666666666666963e+00 -1.029603401728860643e-14
1.150000000000000000e+01 3.375000000000000000e+00 -2.987343408215532263e-15
1.150000000000000000e+01 3.583333333333333925e+00 -7.454628796832410509e-16
1.150000000000000000e+01 3.791666666666666963e+00 -2.122739417619004709e-16
1.150000000000000000e+01 4.000000000000000000e+00 -8.700781579095473362e-17
1.179166666666666785e+01 -1.000000000000000000e+00 -1.760707836199234132e-11
1.179166666666666785e+01 -7.916666666666666297e-01 -1.760630867931972817e-11
1.179166666666666785e+01 -5.833333333333332593e-01 -1.760620141910466586e-11
1.179166666666666785e+01 -3.750000000000000000e-01 -1.760777758339366192e-11
1.179166666666666785e+01 -1.666666666666666297e-01 -1.757746868711611092e-11
1.179166666666666785e+01 4.166666666666674068e-02 -1.564526929137005670e-10
1.179166666666666785e+01 2.500000000000000000e-01 -1.433881707236610516e-10
1.179166666666666785e+01 4.583333333333334814e-01 -1.167108446624438448e-10
1.179166666666666785e+01 6.666666666666667407e-01 -9.066660562485063880e-11
1.179166666666666785e+01 8.750000000000000000e-01 -6.854991014708104760e-11
1.179166666666666785e+01 1.083333333333333481e+00 -4.990196947142667403e-11
1.179166666666666785e+01 1.291666666666666963e+00 -3.405823322259941222e-11
1.179166666666666785e+01 1.500000000000000000e+00 -2.108144341784188457e-11
1.179166666666666785e+01 1.708333333333333481e+00 -1.170211132975639885e-11
1.179166666666666785e+01 1.916666666666666963e+00 -5.638760084461838056e-12
1.179166666666666785e+01 2.125000000000000000e+00 -2.125078481987476147e-12
1.179166666666666785e+01 2.333333333333333481e+00 -6.558523625713300178e-13
1.179166666666666785e+01 2.541666666666666963e+00 -1.912040368115289443e-13
1.179166666666666785e+01 2.750000000000000000e+00 -5.710392656059153604e-14
1.179166666666666785e+01 2.958333333333333481e+00 -1.788964582896787556e-14
1.179166666666666785e+01 3.166666666666666963e+00 -4.922148073533740363e-15
1.179166666666666785e+01 3.375000000000000000e+00 -1.306967669672238984e-15
1.179166666666666785e+01 3.583333333333333925e+00 -4.610023688053427974e-16
1.179166666666666785e+01 3.791666666666666963e+00 -2.241712207324838062e-16
1.179166666666666785e+01 4.000000000000000000e+00 -1.259445614513864255e-16
1.208333333333333393e+01 -1.000000000000000000e+00 -3.112206910677016996e-11
1.208333333333333393e+01 -7.916666666666666297e-01 -3.112328118521490802e-11
1.208333333333333393e+01 -5.833333333333332593e-01 -3.112673705901129451e-11
1.208333333333333393e+01 -3.750000000000000000e-01 -3.111681792129018128e-11
1.208333333333333393e+01 -1.666666666666666297e-01 -3.359241392876484972e-10
1.208333333333333393e+01 4.166666666666674068e-02 -3.352726146324393350e-10
1.208333333333333393e+01 2.500000000000000000e-01 -2.818824838399276003e-10
1.208333333333333393e+01 4.583333333333334814e-01 -2.207056856722525434e-10
1.208333333333333393e+01 6.666666666666667407e-01 -1.655812475762713626e-10
1.208333333333333393e+01 8.750000000000000000e-01 -1.182208967433978472e-10
1.208333333333333393e+01 1.083333333333333481e+00 -7.795133700308197400e-11
1.208333333333333393e+01 1.291666666666666963e+00 -4.621237945589805295e-11
1.208333333333333393e+01 1.500000000000000000e+00 -2.448413219110482913e-11
1.208333333333333393e+01 1.708333333333333481e+00 -1.080652618910519994e-11
1.208333333333333393e+01 1.916666666666666963e+00 -3.695004856062015212e-12
1.208333333333333393e+01 2.125000000000000000e+00 -1.102139232778218754e-12
1.208333333333333393e+01 2.333333333333333481e+00 -3.225458272079348228e-13
1.208333333333333393e+01 2.541666666666666963e+00 -9.967880378610858092e-14
1.208333333333333393e+01 2.750000000000000000e+00 -3.059612591727709867e-14
1.208333333333333393e+01 2.958333333333333481e+00 -8.268077388976171862e-15
1.208333333333333393e+01 3.166666666666666963e+00 -2.526825371904794711e-15
1.208333333333333393e+01 3.375000000000000000e+00 -1.087361556365030216e-15
1.208333333333333393e+01 3.583333333333333925e+00 -5.854536435952884141e-16
1.208333333333333393e+01 3.791666666666666963e+00 -3.412407052865441791e-16
1.208333333333333393e+01 4.000000000000000000e+00 -2.043041640594889439e-16
1.237500000000000000e+01 -1.000000000000000000e+00 -4.993525449262401904e-11
1.237500000000000000e+01 -7.916666666666666297e-01 -4.994317757025630080e-11
1.237500000000000000e+01 -5.833333333333332593e-01 -4.993538397247371235e-11
1.237500000000000000e+01 -3.750000000000000000e-01 -6.406074011957830695e-10
1.237500000000000000e+01 -1.666666666666666297e-01 -7.434346686897635968e-10
1.237500000000000000e+01 4.166666666666674068e-02 -6.652454583270906906e-10
1.237500000000000000e+01 2.500000000000000000e-01 -5.313752837566446233e-10
1.237500000000000000e+01 4.583333333333334814e-01 -3.955957986361044505e-10
1.237500000000000000e+01 6.666666666666667407e-01 -2.760329141545381642e-10
1.237500000000000000e+01 8.750000000000000000e-01 -1.751344430999317217e-10
1.237500000000000000e+01 1.083333333333333481e+00 -9.952618443064364132e-11
1.237500000000000000e+01 1.291666666666666963e+00 -4.977219732681883524e-11
1.237500000000000000e+01 1.500000000000000000e+00 -1.980823421979087686e-11
1.237500000000000000e+01 1.708333333333333481e+00 -6.291955277767400876e-12
1.237500000000000000e+01 1.916666666666666963e+00 -1.848048376641477985e-12
1.237500000000000000e+01 2.125000000000000000e+00 -5.497428391793803694e-13
1.237500000000000000e+01 2.333333333333333481e+00 -1.745465902211018274e-13
1.237500000000000000e+01 2.541666666666666963e+00 -5.113068298366064815e-14
1.237500000000000000e+01 2.750000000000000000e+00 -1.427788293982715689e-14
1.237500000000000000e+01 2.958333333333333481e+00 -5.147697920789820148e-15
1.237500000000000000e+01 3.166666666666666963e+00 -2.530195358464862500e-15
1.237500000000000000e+01 3.375000000000000000e+00 -1.432858763890161257e-15
1.237500000000000000e+01 3.583333333333333925e+00 -8.493971095416913233e-16
1.237500000000000000e+01 3.791666666666666963e+00 -5.120684436303476885e-16
1.237500000000000000e+01 4.000000000000000000e+00 -3.112252601801158735e-16
1.266666666666666785e+01 -1.000000000000000000e+00 -6.637430081661120889e-11
1.266666666666666785e+01 -7.916666666666666297e-01 -6.637522361197004344e-11
1.266666666666666785e+01 -5.833333333333332593e-01 -9.817610425275272996e-10
1.266666666666666785e+01 -3.750000000000000000e-01 -1.487253502849179456e-09
1.266666666666666785e+01 -1.666666666666666297e-01 -1.502175246342442470e-09
1.266666666666666785e+01 4.166666666666674068e-02 -1.255710942663678167e-09
1.266666666666666785e+01 2.500000000000000000e-01 -9.295414200866555395e-10
1.266666666666666785e+01 4.583333333333334814e-01 -6.323032938665435380e-10
1.266666666666666785e+01 6.666666666666667407e-01 -3.856181437919328208e-10
1.266666666666666785e+01 8.750000000000000000e-01 -2.100344090637605063e-10
1.266666666666666785e+01 1.083333333333333481e+00 -9.729833398325612982e-11
1.266666666666666785e+01 1.291666666666666963e+00 -3.489532627994466717e-11
1.266666666666666785e+01 1.500000000000000000e+00 -1.057299122080202049e-11
1.266666666666666785e+01 1.708333333333333481e+00 -3.090804944120675408e-12
1.266666666666666785e+01 1.916666666666666963e+00 -9.421406903303307979e-13
1.266666666666666785e+01 2.125000000000000000e+00 -2.955863469288015932e-13
1.266666666666666785e+01 2.333333333333333481e+00 -8.154403311273464638e-14
1.266666666666666785e+01 2.541666666666666963e+00 -2.388895167818425902e-14
1.266666666666666785e+01 2.750000000000000000e+00 -9.689053908408320893e-15
1.266666666666666785e+01 2.958333333333333481e+00 -5.073711712749980801e-15
1.266666666666666785e+01 3.166666666666666963e+00 -2.926610172310384669e-15
1.266666666666666785e+01 3.375000000000000000e+00 -1.742881058069874143e-15
1.266666666666666785e+01 3.583333333333333925e+00 -1.051751342983685860e-15
1.266666666666666785e+01 3.791666666666666963e+00 -6.391603815475149924e-16
1.266666666666666785e+01 4.000000000000000000e+00 -3.901221971816696430e-16
1.295833333333333393e+01 -1.000000000000000000e+00 -6.140873903470637900e-11
1.295833333333333393e+01 -7.916666666666666297e-01 -1.005572704850980752e-09
1.295833333333333393e+01 -5.833333333333332593e-01 -2.449196553184667606e-09
1.295833333333333393e+01 -3.750000000000000000e-01 -3.119791837274495266e-09
1.295833333333333393e+01 -1.666666666666666297e-01 -2.875052872074148022e-09
1.295833333333333393e+01 4.166666666666674068e-02 -2.128785500940979841e-09
1.295833333333333393e+01 2.500000000000000000e-01 -1.412550303782315962e-09
1.295833333333333393e+01 4.583333333333334814e-01 -8.305323481791860988e-10
1.295833333333333393e+01 6.666666666666667407e-01 -4.312061469549972729e-10
1.295833333333333393e+01 8.750000000000000000e-01 -1.814755877299312062e-10
1.295833333333333393e+01 1.083333333333333481e+00 -5.960396325947775616e-11
1.295833333333333393e+01 1.291666666666666963e+00 -1.755502218651125068e-11
1.295833333333333393e+01 1.500000000000000000e+00 -5.131006181378574868e-12
1.295833333333333393e+01 1.708333333333333481e+00 -1.587391221558452927e-12
1.295833333333333393e+01 1.916666666666666963e+00 -4.612390876883082318e-13
1.295833333333333393e+01 2.125000000000000000e+00 -1.155065330730645409e-13
1.295833333333333393e+01 2.333333333333333481e+00 -3.309720006726051314e-14
1.295833333333333393e+01 2.541666666666666963e+00 -1.363244704363582897e-14
1.295833333333333393e+01 2.750000000000000000e+00 -7.143468104674029697e-15
1.295833333333333393e+01 2.958333333333333481e+00 -4.091820168766114521e-15
1.295833333333333393e+01 3.166666666666666963e+00 -2.420646980629935164e-15
1.295833333333333393e+01 3.375000000000000000e+00 -1.453326850315197723e-15
1.295833333333333393e+01 3.583333333333333925e+00 -8.797908882620150632e-16
1.295833333333333393e+01 3.791666666666666963e+00 -5.353795788700715435e-16
1.295833333333333393e+01 4.000000000000000000e+00 -3.269607626164377458e-16
1.325000000000000000e+01 -1.000000000000000000e+00 -4.881500169696902080e-10
1.325000000000000000e+01 -7.916666666666666297e-01 -2.803545248421870538e-09
1.325000000000000000e+01 -5.833333333333332593e-01 -5.557048300292759311e-09
1.325000000000000000e+01 -3.750000000000000000e-01 -6.254126441998433674e-09
1.325000000000000000e+01 -1.666666666666666297e-01 -4.688980472274906226e-09
1.325000000000000000e+01 4.166666666666674068e-02 -3.055344903732278865e-09
1.325000000000000000e+01 2.500000000000000000e-01 -1.743104140114626910e-09
1.325000000000000000e+01 4.583333333333334814e-01 -8.520343540942773124e-10
1.325000000000000000e+01 6.666666666666667407e-01 -3.230674868438402482e-10
1.325000000000000000e+01 8.750000000000000000e-01 -9.968171429795145754e-11
1.325000000000000000e+01 1.083333333333333481e+00 -2.886141829976068212e-11
1.325000000000000000e+01 1.291666666666666963e+00 -8.479305135504561840e-12
1.325000000000000000e+01 1.500000000000000000e+00 -2.573012716982648158e-12
1.325000000000000000e+01 1.708333333333333481e+00 -6.504004716184387099e-13
1.325000000000000000e+01 1.916666666666666963e+00 -1.369850753965080364e-13
1.325000000000000000e+01 2.125000000000000000e+00 -3.234583209004171504e-14
1.325000000000000000e+01 2.333333333333333481e+00 -1.117292202361198953e-14
1.325000000000000000e+01 2.541666666666666963e+00 -5.230488942129505275e-15
1.325000000000000000e+01 2.750000000000000000e+00 -2.812698420436912603e-15
1.325000000000000000e+01 2.958333333333333481e+00 -1.605786016160645267e-15
1.325000000000000000e+01 3.166666666666666963e+00 -9.442872457010797274e-16
1.325000000000000000e+01 3.375000000000000000e+00 -5.644782131742190831e-16
1.325000000000000000e+01 3.583333333333333925e+00 -3.406981359490852454e-16
1.325000000000000000e+01 3.791666666666666963e+00 -2.069184872592657028e-16
1.325000000000000000e+01 4.000000000000000000e+00 -1.261996961453516007e-16
1.354166666666666785e+01 -1.000000000000000000e+00 -1.650352491519418000e-09
1.354166666666666785e+01 -7.916666666666666297e-01 -7.538264313404035940e-09
1.354166666666666785e+01 -5.833333333333332593e-01 -1.259574769249256971e-08
1.354166666666666785e+01 -3.750000000000000000e-01 -9.751440460657113485e-09
1.354166666666666785e+01 -1.666666666666666297e-01 -6.336498649798311624e-09
1.354166666666666785e+01 4.166666666666674068e-02 -3.534087137076652955e-09
1.354166666666666785e+01 2.500000000000000000e-01 -1.603046067891657683e-09
1.354166666666666785e+01 4.583333333333334814e-01 -5.541295957234599015e-10
1.354166666666666785e+01 6.666666666666667407e-01 -1.650391031851703113e-10
1.354166666666666785e+01 8.750000000000000000e-01 -4.758760802018337121e-11
1.354166666666666785e+01 1.083333333333333481e+00 -1.422607913961961418e-11
1.354166666666666785e+01 1.291666666666666963e+00 -4.062347006071523707e-12
1.354166666666666785e+01 1.500000000000000000e+00 -8.897022396206758285e-13
1.354166666666666785e+01 1.708333333333333481e+00 -1.601888813071577890e-13
1.354166666666666785e+01 1.916666666666666963e+00 -2.990859663376234657e-14
1.354166666666666785e+01 2.125000000000000000e+00 -7.118779185986571763e-15
1.354166666666666785e+01 2.333333333333333481e+00 -2.207115836190334130e-15
1.354166666666666785e+01 2.541666666666666963e+00 -8.334351277367181064e-16
1.354166666666666785e+01 2.750000000000000000e+00 -3.659645119686081192e-16
1.354166666666666785e+01 2.958333333333333481e+00 -1.808309113457499453e-16
1.354166666666666785e+01 3.166666666666666963e+00 -9.732742922784657969e-17
1.354166666666666785e+01 3.375000000000000000e+00 -5.523993513374931855e-17
1.354166666666666785e+01 3.583333333333333925e+00 -3.242819034121990794e-17
1.354166666666666785e+01 3.791666666666666963e+00 -1.941552475668472670e-17
1.354166666666666785e+01 4.000000000000000000e+00 -1.174828404629045751e-17
1.383333333333333393e+01 -1.000000000000000000e+00 -6.325122292752871800e-09
1.383333333333333393e+01 -7.916666666666666297e-01 -2.279473160007252102e-08
1.383333333333333393e+01 -5.833333333333332593e-01 -1.866886531483836124e-08
1.383333333333333393e+01 -3.750000000000000000e-01 -1.238799980636489153e-08
1.383333333333333393e+01 -1.666666666666666297e-01 -6.796215804315083860e-09
1.383333333333333393e+01 4.166666666666674068e-02 -2.844918583310226696e-09
1.383333333333333393e+01 2.500000000000000000e-01 -9.230658415475874857e-10
1.383333333333333393e+01 4.583333333333334814e-01 -2.715086835239621757e-10
1.383333333333333393e+01 6.666666666666667407e-01 -7.924613564778357736e-11
1.383333333333333393e+01 8.750000000000000000e-01 -2.402510406384989798e-11
1.383333333333333393e+01 1.083333333333333481e+00 -6.232473128399047690e-12
1.383333333333333393e+01 1.291666666666666963e+00 -1.227914629901457921e-12
1.383333333333333393e+01 1.500000000000000000e+00 -2.119696050674499234e-13
1.383333333333333393e+01 1.708333333333333481e+00 -4.006330848729194550e-14
1.383333333333333393e+01 1.916666666666666963e+00 -9.270892736651283642e-15
1.383333333333333393e+01 2.125000000000000000e+00 -2.495679597019988425e-15
1.383333333333333393e+01 2.333333333333333481e+00 -7.220722674632113759e-16
1.383333333333333393e+01 2.541666666666666963e+00 -2.156985109960428532e-16
1.383333333333333393e+01 2.750000000000000000e+00 -6.570551691212792869e-17
1.383333333333333393e+01 2.958333333333333481e+00 -2.032180599245160506e-17
1.383333333333333393e+01 3.166666666666666963e+00 -6.392684391289010496e-18
1.383333333333333393e+01 3.375000000000000000e+00 -2.141178341877920930e-18
1.383333333333333393e+01 3.583333333333333925e+00 -7.833264366215038122e-19
1.383333333333333393e+01 3.791666666666666963e+00 -3.196220161211321992e-19
1.383333333333333393e+01 4.000000000000000000e+00 -1.430356942090534568e-19
1.412500000000000000e+01 -1.000000000000000000e+00 -3.626285003223899746e-08
1.412500000000000000e+01 -7.916666666666666297e-01 -3.210247088474500751e-08
1.412500000000000000e+01 -5.833333333333332593e-01 -2.231275468298018872e-08
1.412500000000000000e+01 -3.750000000000000000e-01 -1.210253448451779755e-08
1.412500000000000000e+01 -1.666666666666666297e-01 -4.737024590243362555e-09
1.412500000000000000e+01 4.166666666666674068e-02 -1.494251478816239052e-09
1.412500000000000000e+01 2.500000000000000000e-01 -4.423515435199815998e-10
1.412500000000000000e+01 4.583333333333334814e-01 -1.328964856131126109e-10
1.412500000000000000e+01 6.666666666666667407e-01 -3.946716277230199696e-11
1.412500000000000000e+01 8.750000000000000000e-01 -9.141951125334883425e-12
1.412500000000000000e+01 1.083333333333333481e+00 -1.667761877294432438e-12
1.412500000000000000e+01 1.291666666666666963e+00 -2.912941465955304713e-13
1.412500000000000000e+01 1.500000000000000000e+00 -5.954677274840455540e-14
1.412500000000000000e+01 1.708333333333333481e+00 -1.478179570737235293e-14
1.412500000000000000e+01 1.916666666666666963e+00 -4.115453629196109308e-15
1.412500000000000000e+01 2.125000000000000000e+00 -1.203081687417557438e-15
1.412500000000000000e+01 2.333333333333333481e+00 -3.587238422117862049e-16
1.412500000000000000e+01 2.541666666666666963e+00 -1.079408715174509523e-16
1.412500000000000000e+01 2.750000000000000000e+00 -3.221255426959816788e-17
1.412500000000000000e+01 2.958333333333333481e+00 -9.582104400139806072e-18
1.412500000000000000e+01 3.166666666666666963e+00 -2.907490363215191928e-18
1.412500000000000000e+01 3.375000000000000000e+00 -8.983482276017937470e-19
1.412500000000000000e+01 3.583333333333333925e+00 -2.729938964127943976e-19
1.412500000000000000e+01 3.791666666666666963e+00 -8.373548534151135181e-20
1.412500000000000000e+01 4.000000000000000000e+00 -2.579314104718842171e-20
1.441666666666666785e+01 -1.000000000000000000e+00 -4.907860428288466387e-08
1.441666666666666785e+01 -7.916666666666666297e-01 -3.631897578702018431e-08
1.441666666666666785e+01 -5.833333333333332593e-01 -1.963542517428305403e-08
1.441666666666666785e+01 -3.750000000000000000e-01 -7.411810405702982250e-09
1.441666666666666785e+01 -1.666666666666666297e-01 -2.342756801006537458e-09
1.441666666666666785e+01 4.166666666666674068e-02 -7.118128176116020030e-10
1.441666666666666785e+01 2.500000000000000000e-01 -2.221638521132457941e-10
1.441666666666666785e+01 4.583333333333334814e-01 -6.171433628683253676e-11
1.441666666666666785e+01 6.666666666666667407e-01 -1.285083007986227399e-11
1.441666666666666785e+01 8.750000000000000000e-01 -2.245018981539150998e-12
1.441666666666666785e+01 1.083333333333333481e+00 -4.110966643719298980e-13
1.441666666666666785e+01 1.291666666666666963e+00 -9.148990853303340284e-14
1.441666666666666785e+01 1.500000000000000000e+00 -2.402940671731631957e-14
1.441666666666666785e+01 1.708333333333333481e+00 -6.862564250493924011e-15
1.441666666666666785e+01 1.916666666666666963e+00 -2.027035037724362696e-15
1.441666666666666785e+01 2.125000000000000000e+00 -6.071150646515622027e-16
1.441666666666666785e+01 2.333333333333333481e+00 -1.826535282154850582e-16
1.441666666666666785e+01 2.541666666666666963e+00 -5.412553500792028722e-17
1.441666666666666785e+01 2.750000000000000000e+00 -1.625636335601589745e-17
1.441666666666666785e+01 2.958333333333333481e+00 -4.940892026632463863e-18
1.441666666666666785e+01 3.166666666666666963e+00 -1.590228079720872363e-18
1.441666666666666785e+01 3.375000000000000000e+00 -6.565143458202002112e-19
1.441666666666666785e+01 3.583333333333333925e+00 -2.388007108163219897e-19
1.441666666666666785e+01 3.791666666666666963e+00 3.040687574925645512e-19
1.441666666666666785e+01 4.000000000000000000e+00 -1.582952443844033770e-20
1.470833333333333393e+01 -1.000000000000000000e+00 -5.323656609112802257e-08
1.470833333333333393e+01 -7.916666666666666297e-01 -2.915214511883373144e-08
1.470833333333333393e+01 -5.833333333333332593e-01 -1.100787090251482287e-08
1.470833333333333393e+01 -3.750000000000000000e-01 -3.554206864243163102e-09
1.470833333333333393e+01 -1.666666666666666297e-01 -1.129168079449128595e-09
1.470833333333333393e+01 4.166666666666674068e-02 -3.602919260107104809e-10
1.470833333333333393e+01 2.500000000000000000e-01 -9.097967550755154078e-11
1.470833333333333393e+01 4.583333333333334814e-01 -1.742570478041064118e-11
1.470833333333333393e+01 6.666666666666667407e-01 -3.034687552006538688e-12
1.470833333333333393e+01 8.750000000000000000e-01 -5.986572414001461034e-13
1.470833333333333393e+01 1.083333333333333481e+00 -1.441553289707339826e-13
1.470833333333333393e+01 1.291666666666666963e+00 -3.956653848177272239e-14
1.470833333333333393e+01 1.500000000000000000e+00 -1.150207473181336905e-14
1.470833333333333393e+01 1.708333333333333481e+00 -3.421616983657486853e-15
1.470833333333333393e+01 1.916666666666666963e+00 -1.029320028032467626e-15
1.470833333333333393e+01 2.125000000000000000e+00 -3.084325769179072728e-16
1.470833333333333393e+01 2.333333333333333481e+00 -9.166921988601366531e-17
1.470833333333333393e+01 2.541666666666666963e+00 -2.888345438358081694e-17
1.470833333333333393e+01 2.750000000000000000e+00 -9.151340123992481183e-18
1.470833333333333393e+01 2.958333333333333481e+00 -2.582799174045633052e-18
1.470833333333333393e+01 3.166666666666666963e+00 -6.448099029356975469e-19
1.470833333333333393e+01 3.375000000000000000e+00 -2.300148865218960548e-19
1.470833333333333393e+01 3.583333333333333925e+00 -2.845969835573596614e-20
1.470833333333333393e+01 3.791666666666666963e+00 -2.111788131374809011e-20
1.470833333333333393e+01 4.000000000000000000e+00 -6.255673144569099941e-21
1.500000000000000000e+01 -1.000000000000000000e+00 -4.037931695782448149e-08
1.500000000000000000e+01 -7.916666666666666297e-01 -1.574209913712839199e-08
1.500000000000000000e+01 -5.833333333333332593e-01 -5.263168319854317876e-09
1.500000000000000000e+01 -3.750000000000000000e-01 -1.762637184491024186e-09
1.500000000000000000e+01 -1.666666666666666297e-01 -5.477453214094859158e-10
1.500000000000000000e+01 4.166666666666674068e-02 -1.254043019605066137e-10
1.500000000000000000e+01 2.500000000000000000e-01 -2.286822728442058171e-11
1.500000000000000000e+01 4.583333333333334814e-01 -4.148421277860088986e-12
1.500000000000000000e+01 6.666666666666667407e-01 -8.968405676651404780e-13
1.500000000000000000e+01 8.750000000000000000e-01 -2.318375203658145087e-13
1.500000000000000000e+01 1.083333333333333481e+00 -6.562589043041922301e-14
1.500000000000000000e+01 1.291666666666666963e+00 -1.933077700553016449e-14
1.500000000000000000e+01 1.500000000000000000e+00 -5.783969677020754822e-15
1.500000000000000000e+01 1.708333333333333481e+00 -1.742027088887854784e-15
1.500000000000000000e+01 1.916666666666666963e+00 -5.179076044695128393e-16
1.500000000000000000e+01 2.125000000000000000e+00 -1.529180316819526338e-16
1.500000000000000000e+01 2.333333333333333481e+00 -4.699393516105142714e-17
1.500000000000000000e+01 2.541666666666666963e+00 -1.017751336221050878e-17
1.500000000000000000e+01 2.750000000000000000e+00 -3.653053829828175414e-18
1.500000000000000000e+01 2.958333333333333481e+00 -1.361395369848306956e-18
1.500000000000000000e+01 3.166666666666666963e+00 1.140823835037368523e-18
1.500000000000000000e+01 3.375000000000000000e+00 -1.220370732121961576e-19
1.500000000000000000e+01 3.583333333333333925e+00 -4.446188086895606797e-20
1.500000000000000000e+01 3.791666666666666963e+00 -7.499110691907394702e-21
1.500000000000000000e+01 4.000000000000000000e+00 -2.070102422732722952e-21
