8.000000000000000000e+00 -1.000000000000000000e+00 -3.165260122708522819e-15
8.000000000000000000e+00 -7.916666666666666297e-01 -3.165918690280633932e-15
8.000000000000000000e+00 -5.833333333333332593e-01 -3.164374736749823372e-15
8.000000000000000000e+00 -3.750000000000000000e-01 -3.164855522458430910e-15
8.000000000000000000e+00 -1.666666666666666297e-01 -3.164565022968264062e-15
8.000000000000000000e+00 4.166666666666674068e-02 -3.164320158835487558e-15
8.000000000000000000e+00 2.500000000000000000e-01 -3.164578125362920767e-15
8.000000000000000000e+00 4.583333333333334814e-01 -3.164562597153362900e-15
8.000000000000000000e+00 6.666666666666667407e-01 -3.164105059775359390e-15
8.000000000000000000e+00 8.750000000000000000e-01 -3.164660700865629995e-15
8.000000000000000000e+00 1.083333333333333481e+00 -3.164361112548545520e-15
8.000000000000000000e+00 1.291666666666666963e+00 -3.164044971050070824e-15
8.000000000000000000e+00 1.500000000000000000e+00 -3.164721029543254359e-15
8.000000000000000000e+00 1.708333333333333481e+00 -3.165036025354577375e-15
8.000000000000000000e+00 1.916666666666666963e+00 -3.164224668473446388e-15
8.000000000000000000e+00 2.125000000000000000e+00 -3.164768482700204444e-15
8.000000000000000000e+00 2.333333333333333481e+00 -3.167047856595608098e-15
8.000000000000000000e+00 2.541666666666666963e+00 -4.456313570570961723e-16
8.000000000000000000e+00 2.750000000000000000e+00 -1.160272763093769010e-16
8.000000000000000000e+00 2.958333333333333481e+00 -1.599970288633879740e-17
8.000000000000000000e+00 3.166666666666666963e+00 -7.562975933181960514e-18
8.000000000000000000e+00 3.375000000000000000e+00 -5.389495867041900305e-18
8.000000000000000000e+00 3.583333333333333925e+00 -3.078070154766295344e-18
8.000000000000000000e+00 3.791666666666666963e+00 -1.685131298431837701e-18
8.000000000000000000e+00 4.000000000000000000e+00 -9.149744759703098568e-19
8.291666666666666075e+00 -1.000000000000000000e+00 -6.195097658791761365e-15
8.291666666666666075e+00 -7.916666666666666297e-01 -6.195588837883343776e-15
8.291666666666666075e+00 -5.833333333333332593e-01 -6.193261543378477180e-15
8.291666666666666075e+00 -3.750000000000000000e-01 -6.193002800214733206e-15
8.291666666666666075e+00 -1.666666666666666297e-01 -6.193569762337115038e-15
8.291666666666666075e+00 4.166666666666674068e-02 -6.193805203848016595e-15
8.291666666666666075e+00 2.500000000000000000e-01 -6.194271435804758139e-15
8.291666666666666075e+00 4.583333333333334814e-01 -6.194140611381114004e-15
8.291666666666666075e+00 6.666666666666667407e-01 -6.193746173403294266e-15
8.291666666666666075e+00 8.750000000000000000e-01 -6.194862566812654231e-15
8.291666666666666075e+00 1.083333333333333481e+00 -6.194359067751101240e-15
8.291666666666666075e+00 1.291666666666666963e+00 -6.194387952780959158e-15
8.291666666666666075e+00 1.500000000000000000e+00 -6.194552634712790701e-15
8.291666666666666075e+00 1.708333333333333481e+00 -6.193964686145082996e-15
8.291666666666666075e+00 1.916666666666666963e+00 -6.193887792326647182e-15
8.291666666666666075e+00 2.125000000000000000e+00 -6.193895888579832525e-15
8.291666666666666075e+00 2.333333333333333481e+00 -9.176812241287393494e-16
8.291666666666666075e+00 2.541666666666666963e+00 -2.526754179706940565e-16
8.291666666666666075e+00 2.750000000000000000e+00 -3.872085120818540899e-17
8.291666666666666075e+00 2.958333333333333481e+00 -1.923569025220003810e-17
8.291666666666666075e+00 3.166666666666666963e+00 -1.343488073328265288e-17
8.291666666666666075e+00 3.375000000000000000e+00 -7.657065384185604643e-18
8.291666666666666075e+00 3.583333333333333925e+00 -4.194313050386411766e-18
8.291666666666666075e+00 3.791666666666666963e+00 -2.279552355525909035e-18
8.291666666666666075e+00 4.000000000000000000e+00 -1.237108505903834282e-18
8.583333333333333925e+00 -1.000000000000000000e+00 -1.212622479601960270e-14
8.583333333333333925e+00 -7.916666666666666297e-01 -1.212451803646306049e-14
8.583333333333333925e+00 -5.833333333333332593e-01 -1.212351160988446044e-14
8.583333333333333925e+00 -3.750000000000000000e-01 -1.212092006559737334e-14
8.583333333333333925e+00 -1.666666666666666297e-01 -1.212254962417207214e-14
8.583333333333333925e+00 4.166666666666674068e-02 -1.212286103876257439e-14
8.583333333333333925e+00 2.500000000000000000e-01 -1.212342453078515016e-14
8.583333333333333925e+00 4.583333333333334814e-01 -1.212291443413352425e-14
8.583333333333333925e+00 6.666666666666667407e-01 -1.212263796769319053e-14
8.583333333333333925e+00 8.750000000000000000e-01 -1.212200723617519492e-14
8.583333333333333925e+00 1.083333333333333481e+00 -1.212381247618400964e-14
8.583333333333333925e+00 1.291666666666666963e+00 -1.212224478576215349e-14
8.583333333333333925e+00 1.500000000000000000e+00 -1.212342217566939866e-14
8.583333333333333925e+00 1.708333333333333481e+00 -1.212268080680582474e-14
8.583333333333333925e+00 1.916666666666666963e+00 -1.212196302210117175e-14
8.583333333333333925e+00 2.125000000000000000e+00 -1.863133763946104783e-15
8.583333333333333925e+00 2.333333333333333481e+00 -5.497399852389908719e-16
8.583333333333333925e+00 2.541666666666666963e+00 -9.413843745750852266e-17
8.583333333333333925e+00 2.750000000000000000e+00 -4.901793180702775291e-17
8.583333333333333925e+00 2.958333333333333481e+00 -3.356434537995025491e-17
8.583333333333333925e+00 3.166666666666666963e+00 -1.908828306455584455e-17
8.583333333333333925e+00 3.375000000000000000e+00 -1.046020343823401366e-17
8.583333333333333925e+00 3.583333333333333925e+00 -5.689506216104682296e-18
8.583333333333333925e+00 3.791666666666666963e+00 -3.090027473888748511e-18
8.583333333333333925e+00 4.000000000000000000e+00 -1.677158084190377298e-18
8.875000000000000000e+00 -1.000000000000000000e+00 -2.373076469198476124e-14
8.875000000000000000e+00 -7.916666666666666297e-01 -2.372676177492169480e-14
8.875000000000000000e+00 -5.833333333333332593e-01 -2.373006445640061512e-14
8.875000000000000000e+00 -3.750000000000000000e-01 -2.372639600830440725e-14
8.875000000000000000e+00 -1.666666666666666297e-01 -2.372535676454483911e-14
8.875000000000000000e+00 4.166666666666674068e-02 -2.373109757556356129e-14
8.875000000000000000e+00 2.500000000000000000e-01 -2.372300266068421480e-14
8.875000000000000000e+00 4.583333333333334814e-01 -2.372546575930247905e-14
8.875000000000000000e+00 6.666666666666667407e-01 -2.372810811888569933e-14
8.875000000000000000e+00 8.750000000000000000e-01 -2.372703934030151211e-14
8.875000000000000000e+00 1.083333333333333481e+00 -2.372833038880273899e-14
8.875000000000000000e+00 1.291666666666666963e+00 -2.372799016639926097e-14
8.875000000000000000e+00 1.500000000000000000e+00 -2.372640358263178285e-14
8.875000000000000000e+00 1.708333333333333481e+00 -2.372868731713198566e-14
8.875000000000000000e+00 1.916666666666666963e+00 -3.739266684064861723e-15
8.875000000000000000e+00 2.125000000000000000e+00 -1.195887804304275951e-15
8.875000000000000000e+00 2.333333333333333481e+00 -2.303881607459541379e-16
8.875000000000000000e+00 2.541666666666666963e+00 -1.251114706703856401e-16
8.875000000000000000e+00 2.750000000000000000e+00 -8.400889021828756087e-17
8.875000000000000000e+00 2.958333333333333481e+00 -4.767198313209569311e-17
8.875000000000000000e+00 3.166666666666666963e+00 -2.613173146061394089e-17
8.875000000000000000e+00 3.375000000000000000e+00 -1.422337872764667880e-17
8.875000000000000000e+00 3.583333333333333925e+00 -7.729770460509502940e-18
8.875000000000000000e+00 3.791666666666666963e+00 -4.196835732868570185e-18
8.875000000000000000e+00 4.000000000000000000e+00 -8.846877260246853903e-15
9.166666666666666075e+00 -1.000000000000000000e+00 -4.644657470892551469e-14
9.166666666666666075e+00 -7.916666666666666297e-01 -4.644018257037374883e-14
9.166666666666666075e+00 -5.833333333333332593e-01 -4.644122371389168222e-14
9.166666666666666075e+00 -3.750000000000000000e-01 -4.643585279952851133e-14
9.166666666666666075e+00 -1.666666666666666297e-01 -4.643985041718406376e-14
9.166666666666666075e+00 4.166666666666674068e-02 -4.644233725704294004e-14
9.166666666666666075e+00 2.500000000000000000e-01 -4.643559587100600098e-14
9.166666666666666075e+00 4.583333333333334814e-01 -4.643781262843873053e-14
9.166666666666666075e+00 6.666666666666667407e-01 -4.643592686686234535e-14
9.166666666666666075e+00 8.750000000000000000e-01 -4.643876670636003649e-14
9.166666666666666075e+00 1.083333333333333481e+00 -4.643934189613991173e-14
9.166666666666666075e+00 1.291666666666666963e+00 -4.643726775677216590e-14
9.166666666666666075e+00 1.500000000000000000e+00 -4.643613573253106537e-14
9.166666666666666075e+00 1.708333333333333481e+00 -7.544842564796538650e-15
9.166666666666666075e+00 1.916666666666666963e+00 -2.605017264045619092e-15
9.166666666666666075e+00 2.125000000000000000e+00 -5.683285063950360021e-16
9.166666666666666075e+00 2.333333333333333481e+00 -3.197779502141261518e-16
9.166666666666666075e+00 2.541666666666666963e+00 -2.106051669034058133e-16
9.166666666666666075e+00 2.750000000000000000e+00 -1.192523991026493736e-16
9.166666666666666075e+00 2.958333333333333481e+00 -6.538565335897832097e-17
9.166666666666666075e+00 3.166666666666666963e+00 -3.561159951967041802e-17
9.166666666666666075e+00 3.375000000000000000e+00 -1.936384692801587110e-17
9.166666666666666075e+00 3.583333333333333925e+00 -1.051509751763884131e-17
9.166666666666666075e+00 3.791666666666666963e+00 -3.786877341359265440e-14
9.166666666666666075e+00 4.000000000000000000e+00 -2.631650589329689396e-14
9.458333333333333925e+00 -1.000000000000000000e+00 -9.088777940438914043e-14
9.458333333333333925e+00 -7.916666666666666297e-01 -9.086832245004288181e-14
9.458333333333333925e+00 -5.833333333333332593e-01 -9.086723263412996758e-14
9.458333333333333925e+00 -3.750000000000000000e-01 -9.087425919078500512e-14
9.458333333333333925e+00 -1.666666666666666297e-01 -9.087742076662601875e-14
9.458333333333333925e+00 4.166666666666674068e-02 -9.087085675439937689e-14
9.458333333333333925e+00 2.500000000000000000e-01 -9.087048716319328615e-14
9.458333333333333925e+00 4.583333333333334814e-01 -9.087773531575092763e-14
9.458333333333333925e+00 6.666666666666667407e-01 -9.086297196365268339e-14
9.458333333333333925e+00 8.750000000000000000e-01 -9.087456148634904383e-14
9.458333333333333925e+00 1.083333333333333481e+00 -9.087778976770697575e-14
9.458333333333333925e+00 1.291666666666666963e+00 -9.086175663970737967e-14
9.458333333333333925e+00 1.500000000000000000e+00 -1.601536372711009731e-14
9.458333333333333925e+00 1.708333333333333481e+00 -5.689270390964535672e-15
9.458333333333333925e+00 1.916666666666666963e+00 -1.415265326820704650e-15
9.458333333333333925e+00 2.125000000000000000e+00 -8.183847188597729890e-16
9.458333333333333925e+00 2.333333333333333481e+00 -5.287459447149161248e-16
9.458333333333333925e+00 2.541666666666666963e+00 -2.987676711605859657e-16
9.458333333333333925e+00 2.750000000000000000e+00 -1.638559937687394852e-16
9.458333333333333925e+00 2.958333333333333481e+00 -8.929722459461866484e-17
9.458333333333333925e+00 3.166666666666666963e+00 -4.857877277955108979e-17
9.458333333333333925e+00 3.375000000000000000e+00 -2.637934810710216981e-17
9.458333333333333925e+00 3.583333333333333925e+00 -9.056755575674079037e-14
9.458333333333333925e+00 3.791666666666666963e+00 -6.067210913073934477e-14
9.458333333333333925e+00 4.000000000000000000e+00 -3.440811476852741643e-14
9.750000000000000000e+00 -1.000000000000000000e+00 -1.777980135152628727e-13
9.750000000000000000e+00 -7.916666666666666297e-01 -1.777789345381323625e-13
9.750000000000000000e+00 -5.833333333333332593e-01 -1.777674552658816618e-13
9.750000000000000000e+00 -3.750000000000000000e-01 -1.777490907744826843e-13
9.750000000000000000e+00 -1.666666666666666297e-01 -1.777719586625887072e-13
9.750000000000000000e+00 4.166666666666674068e-02 -1.777813137535594533e-13
9.750000000000000000e+00 2.500000000000000000e-01 -1.777779910047626653e-13
9.750000000000000000e+00 4.583333333333334814e-01 -1.777746039427424943e-13
9.750000000000000000e+00 6.666666666666667407e-01 -1.777888316747899093e-13
9.750000000000000000e+00 8.750000000000000000e-01 -1.778033954597400936e-13
9.750000000000000000e+00 1.083333333333333481e+00 -1.777825011220712633e-13
9.750000000000000000e+00 1.291666666666666963e+00 -3.810290198755326861e-14
9.750000000000000000e+00 1.500000000000000000e+00 -1.248067627522229921e-14
9.750000000000000000e+00 1.708333333333333481e+00 -3.557994511502831334e-15
9.750000000000000000e+00 1.916666666666666963e+00 -2.096915139035445424e-15
9.750000000000000000e+00 2.125000000000000000e+00 -1.329316261407800340e-15
9.750000000000000000e+00 2.333333333333333481e+00 -7.496458675423653981e-16
9.750000000000000000e+00 2.541666666666666963e+00 -4.112684727551266927e-16
9.750000000000000000e+00 2.750000000000000000e+00 -2.242757386672893106e-16
9.750000000000000000e+00 2.958333333333333481e+00 -1.220634300064329182e-16
9.750000000000000000e+00 3.166666666666666963e+00 -2.823908082954110437e-13
9.750000000000000000e+00 3.375000000000000000e+00 -2.136739993720769927e-13
9.750000000000000000e+00 3.583333333333333925e+00 -1.365510596485388082e-13
9.750000000000000000e+00 3.791666666666666963e+00 -6.723123267590454342e-14
9.750000000000000000e+00 4.000000000000000000e+00 -8.333375850461313723e-15
1.004166666666666785e+01 -1.000000000000000000e+00 -3.476570685101516296e-13
1.004166666666666785e+01 -7.916666666666666297e-01 -3.476574740036086590e-13
1.004166666666666785e+01 -5.833333333333332593e-01 -3.476280318304371176e-13
1.004166666666666785e+01 -3.750000000000000000e-01 -3.476079566904377311e-13
1.004166666666666785e+01 -1.666666666666666297e-01 -3.476433730192549343e-13
1.004166666666666785e+01 4.166666666666674068e-02 -3.476347360034120792e-13
1.004166666666666785e+01 2.500000000000000000e-01 -3.476822991356770935e-13
1.004166666666666785e+01 4.583333333333334814e-01 -3.476712329124358546e-13
1.004166666666666785e+01 6.666666666666667407e-01 -3.476419058569934459e-13
1.004166666666666785e+01 8.750000000000000000e-01 -3.476559662177003528e-13
1.004166666666666785e+01 1.083333333333333481e+00 -1.033639694642170762e-13
1.004166666666666785e+01 1.291666666666666963e+00 -2.757934632516204567e-14
1.004166666666666785e+01 1.500000000000000000e+00 -9.025614672694172483e-15
1.004166666666666785e+01 1.708333333333333481e+00 -5.378009438416356309e-15
1.004166666666666785e+01 1.916666666666666963e+00 -3.346673152516240113e-15
1.004166666666666785e+01 2.125000000000000000e+00 -1.883921558090251928e-15
1.004166666666666785e+01 2.333333333333333481e+00 -1.034029588607526826e-15
1.004166666666666785e+01 2.541666666666666963e+00 -5.643038565087293325e-16
1.004166666666666785e+01 2.750000000000000000e+00 -3.072690967973825717e-16
1.004166666666666785e+01 2.958333333333333481e+00 -7.287810886433521984e-13
1.004166666666666785e+01 3.166666666666666963e+00 -4.970769104479582388e-13
1.004166666666666785e+01 3.375000000000000000e+00 -2.964790194803122334e-13
1.004166666666666785e+01 3.583333333333333925e+00 -1.132285050765731488e-13
1.004166666666666785e+01 3.791666666666666963e+00 -1.437200774245138146e-17
1.004166666666666785e+01 4.000000000000000000e+00 -7.846641969485124358e-18
1.033333333333333393e+01 -1.000000000000000000e+00 -6.792493166251997632e-13
1.033333333333333393e+01 -7.916666666666666297e-01 -6.793382981471297050e-13
1.033333333333333393e+01 -5.833333333333332593e-01 -6.792970726762042630e-13
1.033333333333333393e+01 -3.750000000000000000e-01 -6.793253903461076141e-13
1.033333333333333393e+01 -1.666666666666666297e-01 -6.792879666615006895e-13
1.033333333333333393e+01 4.166666666666674068e-02 -6.793164796612356168e-13
1.033333333333333393e+01 2.500000000000000000e-01 -6.792147627118371113e-13
1.033333333333333393e+01 4.583333333333334814e-01 -6.793480906598715765e-13
1.033333333333333393e+01 6.666666666666667407e-01 -6.792976793041406277e-13
1.033333333333333393e+01 8.750000000000000000e-01 -2.973277688021176098e-13
1.033333333333333393e+01 1.083333333333333481e+00 -6.155132147823109202e-14
1.033333333333333393e+01 1.291666666666666963e+00 -2.304685532034971940e-14
1.033333333333333393e+01 1.500000000000000000e+00 -1.380461495958119295e-14
1.033333333333333393e+01 1.708333333333333481e+00 -8.437640083391676266e-15
1.033333333333333393e+01 1.916666666666666963e+00 -4.742589706642921630e-15
1.033333333333333393e+01 2.125000000000000000e+00 -2.604902042049026968e-15
1.033333333333333393e+01 2.333333333333333481e+00 -1.422897954921518281e-15
1.033333333333333393e+01 2.541666666666666963e+00 -7.752350178286126917e-16
1.033333333333333393e+01 2.750000000000000000e+00 -1.729207019094720205e-12
1.033333333333333393e+01 2.958333333333333481e+00 -1.133310203345654226e-12
1.033333333333333393e+01 3.166666666666666963e+00 -6.067691035983928147e-13
1.033333333333333393e+01 3.375000000000000000e+00 -1.338069554316563686e-13
1.033333333333333393e+01 3.583333333333333925e+00 -3.675257178021704806e-17
1.033333333333333393e+01 3.791666666666666963e+00 -2.019603133963554371e-17
1.033333333333333393e+01 4.000000000000000000e+00 -1.117188342695480915e-17
1.062500000000000000e+01 -1.000000000000000000e+00 -1.324907130945168208e-12
1.062500000000000000e+01 -7.916666666666666297e-01 -1.324835986556549967e-12
1.062500000000000000e+01 -5.833333333333332593e-01 -1.324633646936233545e-12
1.062500000000000000e+01 -3.750000000000000000e-01 -1.324885298591175844e-12
1.062500000000000000e+01 -1.666666666666666297e-01 -1.324830136901271889e-12
1.062500000000000000e+01 4.166666666666674068e-02 -1.324688550949891174e-12
1.062500000000000000e+01 2.500000000000000000e-01 -1.324840948078344307e-12
1.062500000000000000e+01 4.583333333333334814e-01 -1.324824469368532339e-12
1.062500000000000000e+01 6.666666666666667407e-01 -8.217317959454722461e-13
1.062500000000000000e+01 8.750000000000000000e-01 -1.391369240063565016e-13
1.062500000000000000e+01 1.083333333333333481e+00 -5.908642776194163593e-14
1.062500000000000000e+01 1.291666666666666963e+00 -3.544432284382457075e-14
1.062500000000000000e+01 1.500000000000000000e+00 -2.130408169312011227e-14
1.062500000000000000e+01 1.708333333333333481e+00 -1.196165359733493043e-14
1.062500000000000000e+01 1.916666666666666963e+00 -6.577128414122814219e-15
1.062500000000000000e+01 2.125000000000000000e+00 -3.597093521158248573e-15
1.062500000000000000e+01 2.333333333333333481e+00 -5.098224854179792136e-12
1.062500000000000000e+01 2.541666666666666963e+00 -4.049258761169909475e-12
1.062500000000000000e+01 2.750000000000000000e+00 -2.508311788652267101e-12
1.062500000000000000e+01 2.958333333333333481e+00 -1.114968783105446840e-12
1.062500000000000000e+01 3.166666666666666963e+00 -3.511735990346355215e-14
1.062500000000000000e+01 3.375000000000000000e+00 -9.488676697865668285e-17
1.062500000000000000e+01 3.583333333333333925e+00 -5.256519777615060697e-17
1.062500000000000000e+01 3.791666666666666963e+00 -2.932816086251292708e-17
1.062500000000000000e+01 4.000000000000000000e+00 -1.647337445874321699e-17
1.091666666666666785e+01 -1.000000000000000000e+00 -2.575406042929254036e-12
1.091666666666666785e+01 -7.916666666666666297e-01 -2.574991928289978022e-12
1.091666666666666785e+01 -5.833333333333332593e-01 -2.575087255261534837e-12
1.091666666666666785e+01 -3.750000000000000000e-01 -2.575031293654916158e-12
1.091666666666666785e+01 -1.666666666666666297e-01 -2.575373087395309879e-12
1.091666666666666785e+01 4.166666666666674068e-02 -2.575268971674577231e-12
1.091666666666666785e+01 2.500000000000000000e-01 -2.575288427007171856e-12
1.091666666666666785e+01 4.583333333333334814e-01 -2.044541623816815290e-12
1.091666666666666785e+01 6.666666666666667407e-01 -3.191006023949321970e-13
1.091666666666666785e+01 8.750000000000000000e-01 -1.515295554670744164e-13
1.091666666666666785e+01 1.083333333333333481e+00 -9.092781125060398824e-14
1.091666666666666785e+01 1.291666666666666963e+00 -5.386054277007610185e-14
1.091666666666666785e+01 1.500000000000000000e+00 -3.022886847387109622e-14
1.091666666666666785e+01 1.708333333333333481e+00 -1.664879062066420864e-14
1.091666666666666785e+01 1.916666666666666963e+00 -9.120814621221429578e-15
1.091666666666666785e+01 2.125000000000000000e+00 -1.277820314710068512e-11
1.091666666666666785e+01 2.333333333333333481e+00 -9.304073454866148779e-12
1.091666666666666785e+01 2.541666666666666963e+00 -5.295914304016581307e-12
1.091666666666666785e+01 2.750000000000000000e+00 -1.630320313802604732e-12
1.091666666666666785e+01 2.958333333333333481e+00 -4.468723065113587695e-16
1.091666666666666785e+01 3.166666666666666963e+00 -2.478735437919440061e-16
1.091666666666666785e+01 3.375000000000000000e+00 -1.386516108634461023e-16
1.091666666666666785e+01 3.583333333333333925e+00 -7.815752464864577672e-17
1.091666666666666785e+01 3.791666666666666963e+00 -4.438979028153638317e-17
1.091666666666666785e+01 4.000000000000000000e+00 -2.540044817010234559e-17
1.120833333333333393e+01 -1.000000000000000000e+00 -4.973268464875609600e-12
1.120833333333333393e+01 -7.916666666666666297e-01 -4.971754394617895838e-12
1.120833333333333393e+01 -5.833333333333332593e-01 -4.972238194235570159e-12
1.120833333333333393e+01 -3.750000000000000000e-01 -4.972531696595958100e-12
1.120833333333333393e+01 -1.666666666666666297e-01 -4.972890376917977024e-12
1.120833333333333393e+01 4.166666666666674068e-02 -4.972555085114202258e-12
1.120833333333333393e+01 2.500000000000000000e-01 -4.548654184110817680e-12
1.120833333333333393e+01 4.583333333333334814e-01 -7.406329889807616958e-13
1.120833333333333393e+01 6.666666666666667407e-01 -3.871614746490033771e-13
1.120833333333333393e+01 8.750000000000000000e-01 -2.325888689868634761e-13
1.120833333333333393e+01 1.083333333333333481e+00 -1.362482024342709658e-13
1.120833333333333393e+01 1.291666666666666963e+00 -7.651367481120418654e-14
1.120833333333333393e+01 1.500000000000000000e+00 -4.224415560296459738e-14
1.120833333333333393e+01 1.708333333333333481e+00 -2.319819324982257906e-14
1.120833333333333393e+01 1.916666666666666963e+00 -3.158814971458719347e-11
1.120833333333333393e+01 2.125000000000000000e+00 -2.076266972167564217e-11
1.120833333333333393e+01 2.333333333333333481e+00 -1.027784591610747918e-11
1.120833333333333393e+01 2.541666666666666963e+00 -1.221576894189012736e-12
1.120833333333333393e+01 2.750000000000000000e+00 -1.170119423756091264e-15
1.120833333333333393e+01 2.958333333333333481e+00 -6.559260985569094347e-16
1.120833333333333393e+01 3.166666666666666963e+00 -3.710005994471952723e-16
1.120833333333333393e+01 3.375000000000000000e+00 -2.115911237748127546e-16
1.120833333333333393e+01 3.583333333333333925e+00 -1.216531239673533851e-16
1.120833333333333393e+01 3.791666666666666963e+00 -7.049293622557524081e-17
1.120833333333333393e+01 4.000000000000000000e+00 -4.116386089192758052e-17
1.150000000000000000e+01 -1.000000000000000000e+00 -9.477642782425493306e-12
1.150000000000000000e+01 -7.916666666666666297e-01 -9.478204478227318569e-12
1.150000000000000000e+01 -5.833333333333332593e-01 -9.476561717633781301e-12
1.150000000000000000e+01 -3.750000000000000000e-01 -9.476838450113740313e-12
1.150000000000000000e+01 -1.666666666666666297e-01 -9.477221135680622434e-12
1.150000000000000000e+01 4.166666666666674068e-02 -9.272668457235917326e-12
1.150000000000000000e+01 2.500000000000000000e-01 -1.724776044434226784e-12
1.150000000000000000e+01 4.583333333333334814e-01 -9.792199201268707006e-13
1.150000000000000000e+01 6.666666666666667407e-01 -5.909967708596035475e-13
1.150000000000000000e+01 8.750000000000000000e-01 -3.440975089506590156e-13
1.150000000000000000e+01 1.083333333333333481e+00 -1.936346816452697806e-13
1.150000000000000000e+01 1.291666666666666963e+00 -1.072869395207918507e-13
1.150000000000000000e+01 1.500000000000000000e+00 -5.911403710177695233e-14
1.150000000000000000e+01 1.708333333333333481e+00 -7.210028015179347974e-11
1.150000000000000000e+01 1.916666666666666963e+00 -4.405810124377897673e-11
1.150000000000000000e+01 2.125000000000000000e+00 -1.665959551535690821e-11
1.150000000000000000e+01 2.333333333333333481e+00 -5.510978034885118014e-15
1.150000000000000000e+01 2.541666666666666963e+00 -3.094561586440159900e-15
1.150000000000000000e+01 2.750000000000000000e+00 -1.755127645346075660e-15
1.150000000000000000e+01 2.958333333333333481e+00 -1.004620663003493453e-15
1.150000000000000000e+01 3.166666666666666963e+00 -5.800197414982251943e-16
1.150000000000000000e+01 3.375000000000000000e+00 -3.376115447153340157e-16
1.150000000000000000e+01 3.583333333333333925e+00 -1.980218354446300118e-16
1.150000000000000000e+01 3.791666666666666963e+00 -1.170042280691663046e-16
1.150000000000000000e+01 4.000000000000000000e+00 -6.960481980107216345e-17
1.179166666666666785e+01 -1.000000000000000000e+00 -1.760801411230354437e-11
1.179166666666666785e+01 -7.916666666666666297e-01 -1.760577530203413592e-11
1.179166666666666785e+01 -5.833333333333332593e-01 -1.760764328576189619e-11
1.179166666666666785e+01 -3.750000000000000000e-01 -1.760626506187616348e-11
1.179166666666666785e+01 -1.666666666666666297e-01 -1.754206015958208946e-11
1.179166666666666785e+01 4.166666666666674068e-02 -3.954170116833002640e-12
1.179166666666666785e+01 2.500000000000000000e-01 -2.423632293329640540e-12
1.179166666666666785e+01 4.583333333333334814e-01 -1.480149889936997116e-12
1.179166666666666785e+01 6.666666666666667407e-01 -8.625885772858388497e-13
1.179166666666666785e+01 8.750000000000000000e-01 -4.873868642864086268e-13
1.179166666666666785e+01 1.083333333333333481e+00 -2.713551830838035914e-13
1.179166666666666785e+01 1.291666666666666963e+00 -1.501851233779923483e-13
1.179166666666666785e+01 1.500000000000000000e+00 -1.530365916526338441e-10
1.179166666666666785e+01 1.708333333333333481e+00 -8.436262811772209429e-11
1.179166666666666785e+01 1.916666666666666963e+00 -1.601028419005553523e-11
1.179166666666666785e+01 2.125000000000000000e+00 -1.444720314091568408e-14
1.179166666666666785e+01 2.333333333333333481e+00 -8.205217179753697268e-15
1.179166666666666785e+01 2.541666666666666963e+00 -4.708064044893750976e-15
1.179166666666666785e+01 2.750000000000000000e+00 -2.726162471291882062e-15
1.179166666666666785e+01 2.958333333333333481e+00 -1.591939737116270877e-15
1.179166666666666785e+01 3.166666666666666963e+00 -9.367922246743469543e-16
1.179166666666666785e+01 3.375000000000000000e+00 -5.552009793228991394e-16
1.179166666666666785e+01 3.583333333333333925e+00 -3.311930505008790540e-16
1.179166666666666785e+01 3.791666666666666963e+00 -1.987149629680525457e-16
1.179166666666666785e+01 4.000000000000000000e+00 -1.198392722903506482e-16
1.208333333333333393e+01 -1.000000000000000000e+00 -3.112589566839984512e-11
1.208333333333333393e+01 -7.916666666666666297e-01 -3.112452166221328548e-11
1.208333333333333393e+01 -5.833333333333332593e-01 -3.112660620451621128e-11
1.208333333333333393e+01 -3.750000000000000000e-01 -3.112484528549536889e-11
1.208333333333333393e+01 -1.666666666666666297e-01 -8.603346840710336305e-12
1.208333333333333393e+01 4.166666666666674068e-02 -5.736833175632800557e-12
1.208333333333333393e+01 2.500000000000000000e-01 -3.593546228400124709e-12
1.208333333333333393e+01 4.583333333333334814e-01 -2.116370333202790650e-12
1.208333333333333393e+01 6.666666666666667407e-01 -1.203607649289508212e-12
1.208333333333333393e+01 8.750000000000000000e-01 -6.741814126508290626e-13
1.208333333333333393e+01 1.083333333333333481e+00 -3.751399086728345328e-13
1.208333333333333393e+01 1.291666666666666963e+00 -2.855803026969761713e-10
1.208333333333333393e+01 1.500000000000000000e+00 -1.248148005915660071e-10
1.208333333333333393e+01 1.708333333333333481e+00 -8.040373942828514188e-13
1.208333333333333393e+01 1.916666666666666963e+00 -3.724400708593536938e-14
1.208333333333333393e+01 2.125000000000000000e+00 -2.136910251724689321e-14
1.208333333333333393e+01 2.333333333333333481e+00 -1.238163982673939156e-14
1.208333333333333393e+01 2.541666666666666963e+00 -7.236771232267640652e-15
1.208333333333333393e+01 2.750000000000000000e+00 -4.263127973873089993e-15
1.208333333333333393e+01 2.958333333333333481e+00 -2.529033344764446712e-15
1.208333333333333393e+01 3.166666666666666963e+00 -1.509745409187281345e-15
1.208333333333333393e+01 3.375000000000000000e+00 -9.064943581338900366e-16
1.208333333333333393e+01 3.583333333333333925e+00 -5.469268076927826934e-16
1.208333333333333393e+01 3.791666666666666963e+00 -3.313896345786748273e-16
1.208333333333333393e+01 4.000000000000000000e+00 -2.015247112598927187e-16
1.237500000000000000e+01 -1.000000000000000000e+00 -4.993860869916253684e-11
1.237500000000000000e+01 -7.916666666666666297e-01 -4.994808625735531397e-11
1.237500000000000000e+01 -5.833333333333332593e-01 -4.994090592318931736e-11
1.237500000000000000e+01 -3.750000000000000000e-01 -1.668353777448297833e-11
1.237500000000000000e+01 -1.666666666666666297e-01 -1.240245952397421786e-11
1.237500000000000000e+01 4.166666666666674068e-02 -8.155135093487966024e-12
1.237500000000000000e+01 2.500000000000000000e-01 -4.919568069047240270e-12
1.237500000000000000e+01 4.583333333333334814e-01 -2.822528492697952912e-12
1.237500000000000000e+01 6.666666666666667407e-01 -1.591400187869543314e-12
1.237500000000000000e+01 8.750000000000000000e-01 -8.899787627235980700e-13
1.237500000000000000e+01 1.083333333333333481e+00 -4.102608237206272939e-10
1.237500000000000000e+01 1.291666666666666963e+00 -8.734646703363756799e-11
1.237500000000000000e+01 1.500000000000000000e+00 -1.581657833788321403e-13
1.237500000000000000e+01 1.708333333333333481e+00 -9.036938391637040175e-14
1.237500000000000000e+01 1.916666666666666963e+00 -5.217624374823596275e-14
1.237500000000000000e+01 2.125000000000000000e+00 -3.040281297265724813e-14
1.237500000000000000e+01 2.333333333333333481e+00 -1.786112599773373980e-14
1.237500000000000000e+01 2.541666666666666963e+00 -1.056927354219213798e-14
1.237500000000000000e+01 2.750000000000000000e+00 -6.294807062562408720e-15
1.237500000000000000e+01 2.958333333333333481e+00 -3.770456382572163810e-15
1.237500000000000000e+01 3.166666666666666963e+00 -2.270156354042125704e-15
1.237500000000000000e+01 3.375000000000000000e+00 -1.372763740402228700e-15
1.237500000000000000e+01 3.583333333333333925e+00 -8.332582106585291344e-16
1.237500000000000000e+01 3.791666666666666963e+00 -5.074199256235272788e-16
1.237500000000000000e+01 4.000000000000000000e+00 -3.098482805877523151e-16
1.266666666666666785e+01 -1.000000000000000000e+00 -6.638316842886903115e-11
1.266666666666666785e+01 -7.916666666666666297e-01 -6.637683364155926212e-11
1.266666666666666785e+01 -5.833333333333332593e-01 -2.580538622576510734e-11
1.266666666666666785e+01 -3.750000000000000000e-01 -2.231477399840012418e-11
1.266666666666666785e+01 -1.666666666666666297e-01 -1.599615472582912795e-11
1.266666666666666785e+01 4.166666666666674068e-02 -1.008240730472768224e-11
1.266666666666666785e+01 2.500000000000000000e-01 -5.839949300705790212e-12
1.266666666666666785e+01 4.583333333333334814e-01 -3.309427216574736098e-12
1.266666666666666785e+01 6.666666666666667407e-01 -1.974362102317186625e-11
1.266666666666666785e+01 8.750000000000000000e-01 -3.566936543596138123e-10
1.266666666666666785e+01 1.083333333333333481e+00 -9.238347031254556574e-12
1.266666666666666785e+01 1.291666666666666963e+00 -3.292142369947361708e-13
1.266666666666666785e+01 1.500000000000000000e+00 -1.880740982433760668e-13
1.266666666666666785e+01 1.708333333333333481e+00 -1.085000881403547648e-13
1.266666666666666785e+01 1.916666666666666963e+00 -6.315848208264133463e-14
1.266666666666666785e+01 2.125000000000000000e+00 -3.706122450606029367e-14
1.266666666666666785e+01 2.333333333333333481e+00 -2.190299575069211373e-14
1.266666666666666785e+01 2.541666666666666963e+00 -1.302836014507000049e-14
1.266666666666666785e+01 2.750000000000000000e+00 -7.794272202013382805e-15
1.266666666666666785e+01 2.958333333333333481e+00 -4.686674481620545194e-15
1.266666666666666785e+01 3.166666666666666963e+00 -2.830592940552975692e-15
1.266666666666666785e+01 3.375000000000000000e+00 -1.716158294891497089e-15
1.266666666666666785e+01 3.583333333333333925e+00 -1.043942126416903217e-15
1.266666666666666785e+01 3.791666666666666963e+00 -6.368348351274285018e-16
1.266666666666666785e+01 4.000000000000000000e+00 -3.894248864979285627e-16
1.295833333333333393e+01 -1.000000000000000000e+00 -6.140851085927602531e-11
1.295833333333333393e+01 -7.916666666666666297e-01 -2.631031138292331468e-11
1.295833333333333393e+01 -5.833333333333332593e-01 -2.783360746332927152e-11
1.295833333333333393e+01 -3.750000000000000000e-01 -2.304291921415356482e-11
1.295833333333333393e+01 -1.666666666666666297e-01 -1.563835849972318486e-11
1.295833333333333393e+01 4.166666666666674068e-02 -9.107076958640139657e-12
1.295833333333333393e+01 2.500000000000000000e-01 -5.157370410507822838e-12
1.295833333333333393e+01 4.583333333333334814e-01 -1.934762052040758618e-10
1.295833333333333393e+01 6.666666666666667407e-01 -1.433918255322943646e-10
1.295833333333333393e+01 8.750000000000000000e-01 -8.823997082588379942e-13
1.295833333333333393e+01 1.083333333333333481e+00 -4.932979749299937526e-13
1.295833333333333393e+01 1.291666666666666963e+00 -2.786547137671400001e-13
1.295833333333333393e+01 1.500000000000000000e+00 -1.590188874793837722e-13
1.295833333333333393e+01 1.708333333333333481e+00 -9.162167523565723859e-14
1.295833333333333393e+01 1.916666666666666963e+00 -5.325934692748679733e-14
1.295833333333333393e+01 2.125000000000000000e+00 -3.121185448550987877e-14
1.295833333333333393e+01 2.333333333333333481e+00 -1.842763230134030348e-14
1.295833333333333393e+01 2.541666666666666963e+00 -1.095259825717816333e-14
1.295833333333333393e+01 2.750000000000000000e+00 -6.548385238765790003e-15
1.295833333333333393e+01 2.958333333333333481e+00 -3.935593780945361275e-15
1.295833333333333393e+01 3.166666666666666963e+00 -2.376063079814301390e-15
1.295833333333333393e+01 3.375000000000000000e+00 -1.440168417476910415e-15
1.295833333333333393e+01 3.583333333333333925e+00 -8.758532135784304802e-16
1.295833333333333393e+01 3.791666666666666963e+00 -5.342000819576235834e-16
1.295833333333333393e+01 4.000000000000000000e+00 -3.266180695329690243e-16
1.325000000000000000e+01 -1.000000000000000000e+00 -1.296961366600290411e-11
1.325000000000000000e+01 -7.916666666666666297e-01 -1.703218484146025946e-11
1.325000000000000000e+01 -5.833333333333332593e-01 -1.765277031853801730e-11
1.325000000000000000e+01 -3.750000000000000000e-01 -1.349469719129892333e-11
1.325000000000000000e+01 -1.666666666666666297e-01 -7.778452396495390450e-12
1.325000000000000000e+01 4.166666666666674068e-02 -4.343150792830348411e-12
1.325000000000000000e+01 2.500000000000000000e-01 -1.630669384505006969e-10
1.325000000000000000e+01 4.583333333333334814e-01 -2.054422443471804339e-11
1.325000000000000000e+01 6.666666666666667407e-01 -6.888617484164678875e-13
1.325000000000000000e+01 8.750000000000000000e-01 -3.746156996283521178e-13
1.325000000000000000e+01 1.083333333333333481e+00 -2.060888085908439396e-13
1.325000000000000000e+01 1.291666666666666963e+00 -1.147552625961012562e-13
1.325000000000000000e+01 1.500000000000000000e+00 -6.467478885682601787e-14
1.325000000000000000e+01 1.708333333333333481e+00 -3.686647381453706782e-14
1.325000000000000000e+01 1.916666666666666963e+00 -2.123996438811162606e-14
1.325000000000000000e+01 2.125000000000000000e+00 -1.235707639191371806e-14
1.325000000000000000e+01 2.333333333333333481e+00 -7.252857844014000857e-15
1.325000000000000000e+01 2.541666666666666963e+00 -4.290231278203836359e-15
1.325000000000000000e+01 2.750000000000000000e+00 -2.555208034907548972e-15
1.325000000000000000e+01 2.958333333333333481e+00 -1.531017222545790501e-15
1.325000000000000000e+01 3.166666666666666963e+00 -9.220604038533371939e-16
1.325000000000000000e+01 3.375000000000000000e+00 -5.578034762647750464e-16
1.325000000000000000e+01 3.583333333333333925e+00 -3.387034644469733308e-16
1.325000000000000000e+01 3.791666666666666963e+00 -2.063326637969981197e-16
1.325000000000000000e+01 4.000000000000000000e+00 -1.260333363917994385e-16
1.354166666666666785e+01 -1.000000000000000000e+00 -2.767410977123303542e-12
1.354166666666666785e+01 -7.916666666666666297e-01 -3.972803660280922701e-12
1.354166666666666785e+01 -5.833333333333332593e-01 -3.656570206590022079e-12
1.354166666666666785e+01 -3.750000000000000000e-01 -1.999348102770719890e-12
1.354166666666666785e+01 -1.666666666666666297e-01 -1.073833165848878765e-12
1.354166666666666785e+01 4.166666666666674068e-02 -6.739441116557811926e-11
1.354166666666666785e+01 2.500000000000000000e-01 -3.009053554964232375e-13
1.354166666666666785e+01 4.583333333333334814e-01 -1.478331999699050868e-13
1.354166666666666785e+01 6.666666666666667407e-01 -7.657832090708315971e-14
1.354166666666666785e+01 8.750000000000000000e-01 -4.027289818294719740e-14
1.354166666666666785e+01 1.083333333333333481e+00 -2.152620567489096677e-14
1.354166666666666785e+01 1.291666666666666963e+00 -1.170018265732384169e-14
1.354166666666666785e+01 1.500000000000000000e+00 -6.462500791147937225e-15
1.354166666666666785e+01 1.708333333333333481e+00 -3.624066010709038108e-15
1.354166666666666785e+01 1.916666666666666963e+00 -2.060140983636741273e-15
1.354166666666666785e+01 2.125000000000000000e+00 -1.185864927640550367e-15
1.354166666666666785e+01 2.333333333333333481e+00 -6.899131801175471008e-16
1.354166666666666785e+01 2.541666666666666963e+00 -4.053127172080348155e-16
1.354166666666666785e+01 2.750000000000000000e+00 -2.401425879665174701e-16
1.354166666666666785e+01 2.958333333333333481e+00 -1.432274360948494555e-16
1.354166666666666785e+01 3.166666666666666963e+00 -8.600785075635317636e-17
1.354166666666666785e+01 3.375000000000000000e+00 -5.187342975198065006e-17
1.354166666666666785e+01 3.583333333333333925e+00 -3.142446096522544591e-17
1.354166666666666785e+01 3.791666666666666963e+00 -1.911274363086354810e-17
1.354166666666666785e+01 4.000000000000000000e+00 -1.165963501404256749e-17
1.383333333333333393e+01 -1.000000000000000000e+00 -1.039633596859429946e-13
1.383333333333333393e+01 -7.916666666666666297e-01 -1.266079124368137907e-13
1.383333333333333393e+01 -5.833333333333332593e-01 -5.956817941802328659e-14
1.383333333333333393e+01 -3.750000000000000000e-01 -2.929534669207481979e-14
1.383333333333333393e+01 -1.666666666666666297e-01 -8.158893753474399625e-12
1.383333333333333393e+01 4.166666666666674068e-02 -6.854844473112237669e-15
1.383333333333333393e+01 2.500000000000000000e-01 -3.274109674463662865e-15
1.383333333333333393e+01 4.583333333333334814e-01 -1.587796553556450526e-15
1.383333333333333393e+01 6.666666666666667407e-01 -7.825938974618630624e-16
1.383333333333333393e+01 8.750000000000000000e-01 -3.966563112558695629e-16
1.383333333333333393e+01 1.083333333333333481e+00 -2.031824853799191112e-16
1.383333333333333393e+01 1.291666666666666963e+00 -1.079561117691186510e-16
1.383333333333333393e+01 1.500000000000000000e+00 -5.831506374759487928e-17
1.383333333333333393e+01 1.708333333333333481e+00 -3.200040992393412662e-17
1.383333333333333393e+01 1.916666666666666963e+00 -1.798241436043244891e-17
1.383333333333333393e+01 2.125000000000000000e+00 -1.020541452275830535e-17
1.383333333333333393e+01 2.333333333333333481e+00 -5.907316397839777746e-18
1.383333333333333393e+01 2.541666666666666963e+00 -3.441557460174573860e-18
1.383333333333333393e+01 2.750000000000000000e+00 -2.021214343148823238e-18
1.383333333333333393e+01 2.958333333333333481e+00 -1.201947275888102427e-18
1.383333333333333393e+01 3.166666666666666963e+00 -7.208860747232635808e-19
1.383333333333333393e+01 3.375000000000000000e+00 -4.338118395301001957e-19
1.383333333333333393e+01 3.583333333333333925e+00 -2.620264437104837754e-19
1.383333333333333393e+01 3.791666666666666963e+00 -1.599388320039100832e-19
1.383333333333333393e+01 4.000000000000000000e+00 -9.416672975363819592e-20
1.412500000000000000e+01 -1.000000000000000000e+00 -2.313145158196331674e-16
1.412500000000000000e+01 -7.916666666666666297e-01 -7.345554307807098846e-17
1.412500000000000000e+01 -5.833333333333332593e-01 -3.183910874353997827e-17
1.412500000000000000e+01 -3.750000000000000000e-01 -1.353644161527101366e-17
1.412500000000000000e+01 -1.666666666666666297e-01 -6.872985852310368283e-18
1.412500000000000000e+01 4.166666666666674068e-02 -2.801943544031342281e-18
1.412500000000000000e+01 2.500000000000000000e-01 -1.359984911561785071e-18
1.412500000000000000e+01 4.583333333333334814e-01 -6.139169106038656071e-19
1.412500000000000000e+01 6.666666666666667407e-01 3.900693897942854991e-19
1.412500000000000000e+01 8.750000000000000000e-01 -1.240632619660694465e-19
1.412500000000000000e+01 1.083333333333333481e+00 -5.715065931833820304e-20
1.412500000000000000e+01 1.291666666666666963e+00 -2.889841895463439157e-20
1.412500000000000000e+01 1.500000000000000000e+00 -1.824229676073101343e-20
1.412500000000000000e+01 1.708333333333333481e+00 -9.835238656199687598e-21
1.412500000000000000e+01 1.916666666666666963e+00 -1.413919011633133167e-21
1.412500000000000000e+01 2.125000000000000000e+00 6.706539864686575389e-22
1.412500000000000000e+01 2.333333333333333481e+00 -2.099422222813696211e-21
1.412500000000000000e+01 2.541666666666666963e+00 -1.342433002322584455e-21
1.412500000000000000e+01 2.750000000000000000e+00 -8.578267562275908979e-22
1.412500000000000000e+01 2.958333333333333481e+00 -1.544005973084241431e-21
1.412500000000000000e+01 3.166666666666666963e+00 -1.921151915211173849e-22
1.412500000000000000e+01 3.375000000000000000e+00 1.571926984078418247e-21
1.412500000000000000e+01 3.583333333333333925e+00 -9.279594689258991238e-23
1.412500000000000000e+01 3.791666666666666963e+00 -5.846135053516020770e-23
1.412500000000000000e+01 4.000000000000000000e+00 -2.730767099921288730e-23
1.441666666666666785e+01 -1.000000000000000000e+00 -1.152901934270927849e-19
1.441666666666666785e+01 -7.916666666666666297e-01 -3.271730349228427766e-18
1.441666666666666785e+01 -5.833333333333332593e-01 4.179875787983585124e-20
1.441666666666666785e+01 -3.750000000000000000e-01 5.124362628258277719e-20
1.441666666666666785e+01 -1.666666666666666297e-01 1.587838501964680300e-19
1.441666666666666785e+01 4.166666666666674068e-02 4.032923317869323986e-19
1.441666666666666785e+01 2.500000000000000000e-01 2.370014415115003197e-18
1.441666666666666785e+01 4.583333333333334814e-01 2.847857021365728890e-17
1.441666666666666785e+01 6.666666666666667407e-01 -1.537045869959833950e-18
1.441666666666666785e+01 8.750000000000000000e-01 1.092079445969429997e-17
1.441666666666666785e+01 1.083333333333333481e+00 2.748753512458309578e-18
1.441666666666666785e+01 1.291666666666666963e+00 9.525052612820021605e-19
1.441666666666666785e+01 1.500000000000000000e+00 -1.472210769827920152e-18
1.441666666666666785e+01 1.708333333333333481e+00 7.631846383412891807e-20
1.441666666666666785e+01 1.916666666666666963e+00 1.680099172711568756e-19
1.441666666666666785e+01 2.125000000000000000e+00 -1.633234139872028011e-21
1.441666666666666785e+01 2.333333333333333481e+00 -7.806667793247629076e-21
1.441666666666666785e+01 2.541666666666666963e+00 1.041792633421941603e-20
1.441666666666666785e+01 2.750000000000000000e+00 3.875984430549391414e-21
1.441666666666666785e+01 2.958333333333333481e+00 -5.041470650639570425e-20
1.441666666666666785e+01 3.166666666666666963e+00 3.871994979588125874e-20
1.441666666666666785e+01 3.375000000000000000e+00 4.888863894949720442e-20
1.441666666666666785e+01 3.583333333333333925e+00 2.713820733025899015e-21
1.441666666666666785e+01 3.791666666666666963e+00 1.821408700253246622e-20
1.441666666666666785e+01 4.000000000000000000e+00 5.450712902659227527e-22
1.470833333333333393e+01 -1.000000000000000000e+00 -4.851684348549674000e-18
1.470833333333333393e+01 -7.916666666666666297e-01 -3.768502724429748408e-20
1.470833333333333393e+01 -5.833333333333332593e-01 -9.933769057442192217e-21
1.470833333333333393e+01 -3.750000000000000000e-01 2.801851673058817685e-19
1.470833333333333393e+01 -1.666666666666666297e-01 -1.121406161155586417e-17
1.470833333333333393e+01 4.166666666666674068e-02 -6.051117876148317053e-17
1.470833333333333393e+01 2.500000000000000000e-01 -1.872663015071668400e-17
1.470833333333333393e+01 4.583333333333334814e-01 6.348674819678491599e-17
1.470833333333333393e+01 6.666666666666667407e-01 -8.452389460811815469e-19
1.470833333333333393e+01 8.750000000000000000e-01 3.044233672264955488e-17
1.470833333333333393e+01 1.083333333333333481e+00 2.359003810236028147e-17
1.470833333333333393e+01 1.291666666666666963e+00 -1.722492985732180408e-18
1.470833333333333393e+01 1.500000000000000000e+00 -2.894111243869344045e-19
1.470833333333333393e+01 1.708333333333333481e+00 7.198509586909541101e-20
1.470833333333333393e+01 1.916666666666666963e+00 8.272349964090327188e-19
1.470833333333333393e+01 2.125000000000000000e+00 3.780620460647074914e-20
1.470833333333333393e+01 2.333333333333333481e+00 3.924621381821325229e-20
1.470833333333333393e+01 2.541666666666666963e+00 7.292112866618697588e-19
1.470833333333333393e+01 2.750000000000000000e+00 4.412429983109205451e-19
1.470833333333333393e+01 2.958333333333333481e+00 5.732136728211869248e-21
1.470833333333333393e+01 3.166666666666666963e+00 1.490884496414494832e-19
1.470833333333333393e+01 3.375000000000000000e+00 7.598962860713899900e-21
1.470833333333333393e+01 3.583333333333333925e+00 4.595939252016067816e-20
1.470833333333333393e+01 3.791666666666666963e+00 1.427038655125180356e-21
1.470833333333333393e+01 4.000000000000000000e+00 -9.575416089176632502e-22
1.500000000000000000e+01 -1.000000000000000000e+00 -2.757962586952025930e-20
1.500000000000000000e+01 -7.916666666666666297e-01 2.790509268642758146e-19
1.500000000000000000e+01 -5.833333333333332593e-01 1.419393159554360138e-19
1.500000000000000000e+01 -3.750000000000000000e-01 -5.085769582615199139e-19
1.500000000000000000e+01 -1.666666666666666297e-01 -6.994549704651493285e-19
1.500000000000000000e+01 4.166666666666674068e-02 -1.150978297648442235e-17
1.500000000000000000e+01 2.500000000000000000e-01 6.165829455352911961e-17
1.500000000000000000e+01 4.583333333333334814e-01 -5.417591842464330648e-17
1.500000000000000000e+01 6.666666666666667407e-01 -2.742518190100355294e-18
1.500000000000000000e+01 8.750000000000000000e-01 3.471492450291470975e-17
1.500000000000000000e+01 1.083333333333333481e+00 4.547652103358148559e-18
1.500000000000000000e+01 1.291666666666666963e+00 -4.040652766537824033e-18
1.500000000000000000e+01 1.500000000000000000e+00 -1.617806063113716125e-20
1.500000000000000000e+01 1.708333333333333481e+00 5.773462908410440604e-19
1.500000000000000000e+01 1.916666666666666963e+00 -3.451736163108611910e-19
1.500000000000000000e+01 2.125000000000000000e+00 4.139221998445042795e-20
1.500000000000000000e+01 2.333333333333333481e+00 -1.730521752720277613e-20
1.500000000000000000e+01 2.541666666666666963e+00 -3.123761906235383206e-19
1.500000000000000000e+01 2.750000000000000000e+00 -8.910839772699621077e-19
1.500000000000000000e+01 2.958333333333333481e+00 2.597275718277331243e-20
1.500000000000000000e+01 3.166666666666666963e+00 3.507572557187711823e-20
1.500000000000000000e+01 3.375000000000000000e+00 -8.494922469976244003e-21
1.500000000000000000e+01 3.583333333333333925e+00 -5.774279461298936452e-21
1.500000000000000000e+01 3.791666666666666963e+00 3.120213196656626717e-21
1.500000000000000000e+01 4.000000000000000000e+00 -5.855134687350726537e-22
