8.000000000000000000e+00 -1.000000000000000000e+00 -3.165260120887357350e-15
8.000000000000000000e+00 -7.916666666666666297e-01 -3.165917947095298138e-15
8.000000000000000000e+00 -5.833333333333332593e-01 -3.164374047583651840e-15
8.000000000000000000e+00 -3.750000000000000000e-01 -3.164854307779602041e-15
8.000000000000000000e+00 -1.666666666666666297e-01 -3.164563649795172686e-15
8.000000000000000000e+00 4.166666666666674068e-02 -3.164321350304022522e-15
8.000000000000000000e+00 2.500000000000000000e-01 -3.164576730539741429e-15
8.000000000000000000e+00 4.583333333333334814e-01 -3.164562934548265268e-15
8.000000000000000000e+00 6.666666666666667407e-01 -3.164103513907061259e-15
8.000000000000000000e+00 8.750000000000000000e-01 -3.164661809385262492e-15
8.000000000000000000e+00 1.083333333333333481e+00 -3.164361112003581079e-15
8.000000000000000000e+00 1.291666666666666963e+00 -3.164043754224761687e-15
8.000000000000000000e+00 1.500000000000000000e+00 -3.164719575472613231e-15
8.000000000000000000e+00 1.708333333333333481e+00 -3.165038073742756288e-15
8.000000000000000000e+00 1.916666666666666963e+00 -3.164223633464450404e-15
8.000000000000000000e+00 2.125000000000000000e+00 -3.164770271687556394e-15
8.000000000000000000e+00 2.333333333333333481e+00 -3.167046045176067425e-15
8.000000000000000000e+00 2.541666666666666963e+00 -4.456313427660451747e-16
8.000000000000000000e+00 2.750000000000000000e+00 -1.160272966856274834e-16
8.000000000000000000e+00 2.958333333333333481e+00 -1.599843183191312607e-17
8.000000000000000000e+00 3.166666666666666963e+00 -7.562974684268511865e-18
8.000000000000000000e+00 3.375000000000000000e+00 -5.389495643132589324e-18
8.000000000000000000e+00 3.583333333333333925e+00 -3.078067310485194635e-18
8.000000000000000000e+00 3.791666666666666963e+00 -1.685125777295770938e-18
8.000000000000000000e+00 4.000000000000000000e+00 -9.149674398022870390e-19
8.291666666666666075e+00 -1.000000000000000000e+00 -6.195096474310149689e-15
8.291666666666666075e+00 -7.916666666666666297e-01 -6.195588795168762968e-15
8.291666666666666075e+00 -5.833333333333332593e-01 -6.193262208315481784e-15
8.291666666666666075e+00 -3.750000000000000000e-01 -6.193004336044485229e-15
8.291666666666666075e+00 -1.666666666666666297e-01 -6.193568634149675421e-15
8.291666666666666075e+00 4.166666666666674068e-02 -6.193805203102784431e-15
8.291666666666666075e+00 2.500000000000000000e-01 -6.194271433402817100e-15
8.291666666666666075e+00 4.583333333333334814e-01 -6.194143145228701361e-15
8.291666666666666075e+00 6.666666666666667407e-01 -6.193746168787303078e-15
8.291666666666666075e+00 8.750000000000000000e-01 -6.194859888190942232e-15
8.291666666666666075e+00 1.083333333333333481e+00 -6.194357100566928763e-15
8.291666666666666075e+00 1.291666666666666963e+00 -6.194390777869469632e-15
8.291666666666666075e+00 1.500000000000000000e+00 -6.194547342035510548e-15
8.291666666666666075e+00 1.708333333333333481e+00 -6.193964686058292519e-15
8.291666666666666075e+00 1.916666666666666963e+00 -6.193891750710591541e-15
8.291666666666666075e+00 2.125000000000000000e+00 -6.193895681313702605e-15
8.291666666666666075e+00 2.333333333333333481e+00 -9.176809354928297903e-16
8.291666666666666075e+00 2.541666666666666963e+00 -2.526754343195594763e-16
8.291666666666666075e+00 2.750000000000000000e+00 -3.871803811515359153e-17
8.291666666666666075e+00 2.958333333333333481e+00 -1.923572817816859752e-17
8.291666666666666075e+00 3.166666666666666963e+00 -1.343487865105505177e-17
8.291666666666666075e+00 3.375000000000000000e+00 -7.657050025430965468e-18
8.291666666666666075e+00 3.583333333333333925e+00 -4.194294244305664766e-18
8.291666666666666075e+00 3.791666666666666963e+00 -2.279530778118512953e-18
8.291666666666666075e+00 4.000000000000000000e+00 -1.237079838665993223e-18
8.583333333333333925e+00 -1.000000000000000000e+00 -1.212622460157328764e-14
8.583333333333333925e+00 -7.916666666666666297e-01 -1.212451796885438978e-14
8.583333333333333925e+00 -5.833333333333332593e-01 -1.212351234519974197e-14
8.583333333333333925e+00 -3.750000000000000000e-01 -1.212091526610150996e-14
8.583333333333333925e+00 -1.666666666666666297e-01 -1.212254926656087240e-14
8.583333333333333925e+00 4.166666666666674068e-02 -1.212286102923531980e-14
8.583333333333333925e+00 2.500000000000000000e-01 -1.212342711996770363e-14
8.583333333333333925e+00 4.583333333333334814e-01 -1.212291441904491861e-14
8.583333333333333925e+00 6.666666666666667407e-01 -1.212263796417142199e-14
8.583333333333333925e+00 8.750000000000000000e-01 -1.212200300152929878e-14
8.583333333333333925e+00 1.083333333333333481e+00 -1.212381316038752427e-14
8.583333333333333925e+00 1.291666666666666963e+00 -1.212224478546191461e-14
8.583333333333333925e+00 1.500000000000000000e+00 -1.212342223411408522e-14
8.583333333333333925e+00 1.708333333333333481e+00 -1.212268084997436976e-14
8.583333333333333925e+00 1.916666666666666963e+00 -1.212196301976489707e-14
8.583333333333333925e+00 2.125000000000000000e+00 -1.863132249177345036e-15
8.583333333333333925e+00 2.333333333333333481e+00 -5.497399343525349641e-16
8.583333333333333925e+00 2.541666666666666963e+00 -9.414172277207101198e-17
8.583333333333333925e+00 2.750000000000000000e+00 -4.901800278833136197e-17
8.583333333333333925e+00 2.958333333333333481e+00 -3.356436759751411595e-17
8.583333333333333925e+00 3.166666666666666963e+00 -1.908824522623008607e-17
8.583333333333333925e+00 3.375000000000000000e+00 -1.046014148730152812e-17
8.583333333333333925e+00 3.583333333333333925e+00 -5.689425515773028639e-18
8.583333333333333925e+00 3.791666666666666963e+00 -3.089932399332938291e-18
8.583333333333333925e+00 4.000000000000000000e+00 -1.677049497905724441e-18
8.875000000000000000e+00 -1.000000000000000000e+00 -2.373076489011656503e-14
8.875000000000000000e+00 -7.916666666666666297e-01 -2.372676151853640697e-14
8.875000000000000000e+00 -5.833333333333332593e-01 -2.373006734860786792e-14
8.875000000000000000e+00 -3.750000000000000000e-01 -2.372639602705796916e-14
8.875000000000000000e+00 -1.666666666666666297e-01 -2.372533991532793963e-14
8.875000000000000000e+00 4.166666666666674068e-02 -2.373108756568272053e-14
8.875000000000000000e+00 2.500000000000000000e-01 -2.372299505237528625e-14
8.875000000000000000e+00 4.583333333333334814e-01 -2.372547391650604140e-14
8.875000000000000000e+00 6.666666666666667407e-01 -2.372810811929468900e-14
8.875000000000000000e+00 8.750000000000000000e-01 -2.372703077093381880e-14
8.875000000000000000e+00 1.083333333333333481e+00 -2.372836141307806290e-14
8.875000000000000000e+00 1.291666666666666963e+00 -2.372799016911151938e-14
8.875000000000000000e+00 1.500000000000000000e+00 -2.372640353008805196e-14
8.875000000000000000e+00 1.708333333333333481e+00 -2.372870925269277425e-14
8.875000000000000000e+00 1.916666666666666963e+00 -3.739163608504532659e-15
8.875000000000000000e+00 2.125000000000000000e+00 -1.195888296863597611e-15
8.875000000000000000e+00 2.333333333333333481e+00 -2.304053253333553962e-16
8.875000000000000000e+00 2.541666666666666963e+00 -1.251114725555762929e-16
8.875000000000000000e+00 2.750000000000000000e+00 -8.400883509867317104e-17
8.875000000000000000e+00 2.958333333333333481e+00 -4.767183109276730410e-17
8.875000000000000000e+00 3.166666666666666963e+00 -2.613148655894598679e-17
8.875000000000000000e+00 3.375000000000000000e+00 -1.422310234757246769e-17
8.875000000000000000e+00 3.583333333333333925e+00 -7.729450557297635213e-18
8.875000000000000000e+00 3.791666666666666963e+00 -4.196476165213192555e-18
8.875000000000000000e+00 4.000000000000000000e+00 -2.273653585662354909e-18
9.166666666666666075e+00 -1.000000000000000000e+00 -4.644657505502045909e-14
9.166666666666666075e+00 -7.916666666666666297e-01 -4.644017979827461728e-14
9.166666666666666075e+00 -5.833333333333332593e-01 -4.644123487944908539e-14
9.166666666666666075e+00 -3.750000000000000000e-01 -4.643583430604177628e-14
9.166666666666666075e+00 -1.666666666666666297e-01 -4.643985164319112258e-14
9.166666666666666075e+00 4.166666666666674068e-02 -4.644231489557495596e-14
9.166666666666666075e+00 2.500000000000000000e-01 -4.643557795959322217e-14
9.166666666666666075e+00 4.583333333333334814e-01 -4.643787564610462807e-14
9.166666666666666075e+00 6.666666666666667407e-01 -4.643592696597534067e-14
9.166666666666666075e+00 8.750000000000000000e-01 -4.643876664105252037e-14
9.166666666666666075e+00 1.083333333333333481e+00 -4.643934499597541474e-14
9.166666666666666075e+00 1.291666666666666963e+00 -4.643722235050603103e-14
9.166666666666666075e+00 1.500000000000000000e+00 -4.643613572431519895e-14
9.166666666666666075e+00 1.708333333333333481e+00 -7.544843378729735868e-15
9.166666666666666075e+00 1.916666666666666963e+00 -2.605017562764570853e-15
9.166666666666666075e+00 2.125000000000000000e+00 -5.682534611297703821e-16
9.166666666666666075e+00 2.333333333333333481e+00 -3.197781672148056572e-16
9.166666666666666075e+00 2.541666666666666963e+00 -2.106049291228007105e-16
9.166666666666666075e+00 2.750000000000000000e+00 -1.192518964394851969e-16
9.166666666666666075e+00 2.958333333333333481e+00 -6.538481829393363562e-17
9.166666666666666075e+00 3.166666666666666963e+00 -3.561069010467047743e-17
9.166666666666666075e+00 3.375000000000000000e+00 -1.936278307389083890e-17
9.166666666666666075e+00 3.583333333333333925e+00 -1.051389566543082697e-17
9.166666666666666075e+00 3.791666666666666963e+00 -5.693246764560570958e-18
9.166666666666666075e+00 4.000000000000000000e+00 -3.071272329326076969e-18
9.458333333333333925e+00 -1.000000000000000000e+00 -9.088777521498212320e-14
9.458333333333333925e+00 -7.916666666666666297e-01 -9.086831365066297855e-14
9.458333333333333925e+00 -5.833333333333332593e-01 -9.086719873692424207e-14
9.458333333333333925e+00 -3.750000000000000000e-01 -9.087425941269270110e-14
9.458333333333333925e+00 -1.666666666666666297e-01 -9.087741835916574267e-14
9.458333333333333925e+00 4.166666666666674068e-02 -9.087092351026247099e-14
9.458333333333333925e+00 2.500000000000000000e-01 -9.087045626063573208e-14
9.458333333333333925e+00 4.583333333333334814e-01 -9.087765748725165012e-14
9.458333333333333925e+00 6.666666666666667407e-01 -9.086297196487972182e-14
9.458333333333333925e+00 8.750000000000000000e-01 -9.087451737215739675e-14
9.458333333333333925e+00 1.083333333333333481e+00 -9.087773003907098538e-14
9.458333333333333925e+00 1.291666666666666963e+00 -9.086170042820902265e-14
9.458333333333333925e+00 1.500000000000000000e+00 -1.601536044042102443e-14
9.458333333333333925e+00 1.708333333333333481e+00 -5.689263099184243583e-15
9.458333333333333925e+00 1.916666666666666963e+00 -1.415169555508601857e-15
9.458333333333333925e+00 2.125000000000000000e+00 -8.183841795066271956e-16
9.458333333333333925e+00 2.333333333333333481e+00 -5.287444735661141290e-16
9.458333333333333925e+00 2.541666666666666963e+00 -2.987658545021046496e-16
9.458333333333333925e+00 2.750000000000000000e+00 -1.638534612244134031e-16
9.458333333333333925e+00 2.958333333333333481e+00 -8.929410342559275420e-17
9.458333333333333925e+00 3.166666666666666963e+00 -4.857520864041174981e-17
9.458333333333333925e+00 3.375000000000000000e+00 -2.637534691248243260e-17
9.458333333333333925e+00 3.583333333333333925e+00 -1.427331012925359041e-17
9.458333333333333925e+00 3.791666666666666963e+00 -7.699042615139563597e-18
9.458333333333333925e+00 4.000000000000000000e+00 -9.063698834965399724e-16
9.750000000000000000e+00 -1.000000000000000000e+00 -1.777980269503815253e-13
9.750000000000000000e+00 -7.916666666666666297e-01 -1.777789301882754043e-13
9.750000000000000000e+00 -5.833333333333332593e-01 -1.777674395230958591e-13
9.750000000000000000e+00 -3.750000000000000000e-01 -1.777490167802391734e-13
9.750000000000000000e+00 -1.666666666666666297e-01 -1.777720364465954598e-13
9.750000000000000000e+00 4.166666666666674068e-02 -1.777814269151294744e-13
9.750000000000000000e+00 2.500000000000000000e-01 -1.777779227118808630e-13
9.750000000000000000e+00 4.583333333333334814e-01 -1.777746037226252349e-13
9.750000000000000000e+00 6.666666666666667407e-01 -1.777887663080953445e-13
9.750000000000000000e+00 8.750000000000000000e-01 -1.778033954363171346e-13
9.750000000000000000e+00 1.083333333333333481e+00 -1.777825009121449508e-13
9.750000000000000000e+00 1.291666666666666963e+00 -3.810286610049756429e-14
9.750000000000000000e+00 1.500000000000000000e+00 -1.248066885938065301e-14
9.750000000000000000e+00 1.708333333333333481e+00 -3.557909197133272775e-15
9.750000000000000000e+00 1.916666666666666963e+00 -2.096912163734908887e-15
9.750000000000000000e+00 2.125000000000000000e+00 -1.329311200440285833e-15
9.750000000000000000e+00 2.333333333333333481e+00 -7.496385855826497532e-16
9.750000000000000000e+00 2.541666666666666963e+00 -4.112596077287525765e-16
9.750000000000000000e+00 2.750000000000000000e+00 -2.242654134476676589e-16
9.750000000000000000e+00 2.958333333333333481e+00 -1.220513664401491840e-16
9.750000000000000000e+00 3.166666666666666963e+00 -6.626239538983598233e-17
9.750000000000000000e+00 3.375000000000000000e+00 -3.584570266478489236e-17
9.750000000000000000e+00 3.583333333333333925e+00 -1.277101184046657116e-13
9.750000000000000000e+00 3.791666666666666963e+00 -9.957493759860289703e-16
9.750000000000000000e+00 4.000000000000000000e+00 -1.439749745475665571e-17
1.004166666666666785e+01 -1.000000000000000000e+00 -3.476571076650526844e-13
1.004166666666666785e+01 -7.916666666666666297e-01 -3.476572780638899611e-13
1.004166666666666785e+01 -5.833333333333332593e-01 -3.476281228286100299e-13
1.004166666666666785e+01 -3.750000000000000000e-01 -3.476079845983841713e-13
1.004166666666666785e+01 -1.666666666666666297e-01 -3.476433915008609887e-13
1.004166666666666785e+01 4.166666666666674068e-02 -3.476345991219987049e-13
1.004166666666666785e+01 2.500000000000000000e-01 -3.476824627135121047e-13
1.004166666666666785e+01 4.583333333333334814e-01 -3.476712332775600110e-13
1.004166666666666785e+01 6.666666666666667407e-01 -3.476419045093411388e-13
1.004166666666666785e+01 8.750000000000000000e-01 -3.476560286810491792e-13
1.004166666666666785e+01 1.083333333333333481e+00 -1.033637709002053566e-13
1.004166666666666785e+01 1.291666666666666963e+00 -2.757932486321393544e-14
1.004166666666666785e+01 1.500000000000000000e+00 -9.024968401672376334e-15
1.004166666666666785e+01 1.708333333333333481e+00 -5.378000469655407548e-15
1.004166666666666785e+01 1.916666666666666963e+00 -3.346653739870479468e-15
1.004166666666666785e+01 2.125000000000000000e+00 -1.883896868267586782e-15
1.004166666666666785e+01 2.333333333333333481e+00 -1.033999516754529725e-15
1.004166666666666785e+01 2.541666666666666963e+00 -5.642684327832750036e-16
1.004166666666666785e+01 2.750000000000000000e+00 -3.072287355264675215e-16
1.004166666666666785e+01 2.958333333333333481e+00 -1.667836874818181337e-16
1.004166666666666785e+01 3.166666666666666963e+00 -9.025129669211843839e-17
1.004166666666666785e+01 3.375000000000000000e+00 -2.760617021119133829e-13
1.004166666666666785e+01 3.583333333333333925e+00 -3.918748188459828320e-15
1.004166666666666785e+01 3.791666666666666963e+00 -1.436753067259947017e-17
1.004166666666666785e+01 4.000000000000000000e+00 -7.845224220417882227e-18
1.033333333333333393e+01 -1.000000000000000000e+00 -6.792493160587338176e-13
1.033333333333333393e+01 -7.916666666666666297e-01 -6.793382681811201869e-13
1.033333333333333393e+01 -5.833333333333332593e-01 -6.792969057122439210e-13
1.033333333333333393e+01 -3.750000000000000000e-01 -6.793255625392386305e-13
1.033333333333333393e+01 -1.666666666666666297e-01 -6.792880791951123379e-13
1.033333333333333393e+01 4.166666666666674068e-02 -6.793164635670232618e-13
1.033333333333333393e+01 2.500000000000000000e-01 -6.792147625160356247e-13
1.033333333333333393e+01 4.583333333333334814e-01 -6.793480843078480532e-13
1.033333333333333393e+01 6.666666666666667407e-01 -6.792976790669473949e-13
1.033333333333333393e+01 8.750000000000000000e-01 -2.973270133450880311e-13
1.033333333333333393e+01 1.083333333333333481e+00 -6.155125877007998344e-14
1.033333333333333393e+01 1.291666666666666963e+00 -2.304680025356443374e-14
1.033333333333333393e+01 1.500000000000000000e+00 -1.380503481843519118e-14
1.033333333333333393e+01 1.708333333333333481e+00 -8.437569840635489373e-15
1.033333333333333393e+01 1.916666666666666963e+00 -4.742502921481329632e-15
1.033333333333333393e+01 2.125000000000000000e+00 -2.604799090601363469e-15
1.033333333333333393e+01 2.333333333333333481e+00 -1.422777571462315859e-15
1.033333333333333393e+01 2.541666666666666963e+00 -7.751004133566346449e-16
1.033333333333333393e+01 2.750000000000000000e+00 -4.208998218456223549e-16
1.033333333333333393e+01 2.958333333333333481e+00 -7.689079187281583852e-13
1.033333333333333393e+01 3.166666666666666963e+00 -4.684922649668984078e-13
1.033333333333333393e+01 3.375000000000000000e+00 -9.434213240171584472e-15
1.033333333333333393e+01 3.583333333333333925e+00 -3.674332340103960664e-17
1.033333333333333393e+01 3.791666666666666963e+00 -2.019307612249939986e-17
1.033333333333333393e+01 4.000000000000000000e+00 -1.117090881067782610e-17
1.062500000000000000e+01 -1.000000000000000000e+00 -1.324905125102813611e-12
1.062500000000000000e+01 -7.916666666666666297e-01 -1.324835986832964809e-12
1.062500000000000000e+01 -5.833333333333332593e-01 -1.324633647408404637e-12
1.062500000000000000e+01 -3.750000000000000000e-01 -1.324885298438951791e-12
1.062500000000000000e+01 -1.666666666666666297e-01 -1.324830136536028633e-12
1.062500000000000000e+01 4.166666666666674068e-02 -1.324688550960410262e-12
1.062500000000000000e+01 2.500000000000000000e-01 -1.324840948037680180e-12
1.062500000000000000e+01 4.583333333333334814e-01 -1.324824468977479675e-12
1.062500000000000000e+01 6.666666666666667407e-01 -8.217296277417067596e-13
1.062500000000000000e+01 8.750000000000000000e-01 -1.391367369089239273e-13
1.062500000000000000e+01 1.083333333333333481e+00 -5.908624068830793489e-14
1.062500000000000000e+01 1.291666666666666963e+00 -3.544749331457986910e-14
1.062500000000000000e+01 1.500000000000000000e+00 -2.130382809120165451e-14
1.062500000000000000e+01 1.708333333333333481e+00 -1.196133928455486448e-14
1.062500000000000000e+01 1.916666666666666963e+00 -6.576778050485574560e-15
1.062500000000000000e+01 2.125000000000000000e+00 -3.596687977081934135e-15
1.062500000000000000e+01 2.333333333333333481e+00 -1.961087605598667448e-15
1.062500000000000000e+01 2.541666666666666963e+00 -1.066147169911384588e-15
1.062500000000000000e+01 2.750000000000000000e+00 -2.366690090761328329e-12
1.062500000000000000e+01 2.958333333333333481e+00 -5.026959813089263911e-13
1.062500000000000000e+01 3.166666666666666963e+00 -1.725052016186499536e-16
1.062500000000000000e+01 3.375000000000000000e+00 -9.486760323132041861e-17
1.062500000000000000e+01 3.583333333333333925e+00 -5.255895427636921508e-17
1.062500000000000000e+01 3.791666666666666963e+00 -2.932606205177022022e-17
1.062500000000000000e+01 4.000000000000000000e+00 -1.647264761127289555e-17
1.091666666666666785e+01 -1.000000000000000000e+00 -2.575406042897998079e-12
1.091666666666666785e+01 -7.916666666666666297e-01 -2.574991928534228139e-12
1.091666666666666785e+01 -5.833333333333332593e-01 -2.575087254050497184e-12
1.091666666666666785e+01 -3.750000000000000000e-01 -2.575031293413155257e-12
1.091666666666666785e+01 -1.666666666666666297e-01 -2.575373086581883972e-12
1.091666666666666785e+01 4.166666666666674068e-02 -2.575268971775559101e-12
1.091666666666666785e+01 2.500000000000000000e-01 -2.575288426986809804e-12
1.091666666666666785e+01 4.583333333333334814e-01 -2.044537039751687810e-12
1.091666666666666785e+01 6.666666666666667407e-01 -3.191000444928740742e-13
1.091666666666666785e+01 8.750000000000000000e-01 -1.515289606236079974e-13
1.091666666666666785e+01 1.083333333333333481e+00 -9.092702773869891505e-14
1.091666666666666785e+01 1.291666666666666963e+00 -5.385965278720081675e-14
1.091666666666666785e+01 1.500000000000000000e+00 -3.022782063725238689e-14
1.091666666666666785e+01 1.708333333333333481e+00 -1.664757007410907946e-14
1.091666666666666785e+01 1.916666666666666963e+00 -9.119442141979734146e-15
1.091666666666666785e+01 2.125000000000000000e+00 -4.979738915514957487e-15
1.091666666666666785e+01 2.333333333333333481e+00 -2.713890663364947611e-15
1.091666666666666785e+01 2.541666666666666963e+00 -4.872300409471558880e-12
1.091666666666666785e+01 2.750000000000000000e+00 -6.644146350901428181e-13
1.091666666666666785e+01 2.958333333333333481e+00 -4.467473339351604443e-16
1.091666666666666785e+01 3.166666666666666963e+00 -2.478331814612655738e-16
1.091666666666666785e+01 3.375000000000000000e+00 -1.386382699723949826e-16
1.091666666666666785e+01 3.583333333333333925e+00 -7.815282987848374892e-17
1.091666666666666785e+01 3.791666666666666963e+00 -4.438830688206225421e-17
1.091666666666666785e+01 4.000000000000000000e+00 -2.539988846625431482e-17
1.120833333333333393e+01 -1.000000000000000000e+00 -4.973268784299792881e-12
1.120833333333333393e+01 -7.916666666666666297e-01 -4.971754395713154863e-12
1.120833333333333393e+01 -5.833333333333332593e-01 -4.972238198431866292e-12
1.120833333333333393e+01 -3.750000000000000000e-01 -4.972531694093238338e-12
1.120833333333333393e+01 -1.666666666666666297e-01 -4.972890380393588818e-12
1.120833333333333393e+01 4.166666666666674068e-02 -4.972555084423234220e-12
1.120833333333333393e+01 2.500000000000000000e-01 -4.548647393850859812e-12
1.120833333333333393e+01 4.583333333333334814e-01 -7.406313211629913644e-13
1.120833333333333393e+01 6.666666666666667407e-01 -3.871593266056636447e-13
1.120833333333333393e+01 8.750000000000000000e-01 -2.325862098990760234e-13
1.120833333333333393e+01 1.083333333333333481e+00 -1.362450459611824605e-13
1.120833333333333393e+01 1.291666666666666963e+00 -7.651011607361543788e-14
1.120833333333333393e+01 1.500000000000000000e+00 -4.224002885135442171e-14
1.120833333333333393e+01 1.708333333333333481e+00 -2.319356999647496037e-14
1.120833333333333393e+01 1.916666666666666963e+00 -1.269756409804725415e-14
1.120833333333333393e+01 2.125000000000000000e+00 -1.966019362673429495e-11
1.120833333333333393e+01 2.333333333333333481e+00 -9.051104301684714607e-12
1.120833333333333393e+01 2.541666666666666963e+00 -3.147136847657774943e-13
1.120833333333333393e+01 2.750000000000000000e+00 -1.169857147481507289e-15
1.120833333333333393e+01 2.958333333333333481e+00 -6.558404370950655130e-16
1.120833333333333393e+01 3.166666666666666963e+00 -3.709714745583303099e-16
1.120833333333333393e+01 3.375000000000000000e+00 -2.115808076838460368e-16
1.120833333333333393e+01 3.583333333333333925e+00 -1.216494074376982781e-16
1.120833333333333393e+01 3.791666666666666963e+00 -7.049164977440652453e-17
1.120833333333333393e+01 4.000000000000000000e+00 -4.116339164343119938e-17
1.150000000000000000e+01 -1.000000000000000000e+00 -9.477642784627475561e-12
1.150000000000000000e+01 -7.916666666666666297e-01 -9.478204481331044015e-12
1.150000000000000000e+01 -5.833333333333332593e-01 -9.476561717419510827e-12
1.150000000000000000e+01 -3.750000000000000000e-01 -9.476838457148187640e-12
1.150000000000000000e+01 -1.666666666666666297e-01 -9.477221149520787107e-12
1.150000000000000000e+01 4.166666666666674068e-02 -9.272662150559464315e-12
1.150000000000000000e+01 2.500000000000000000e-01 -1.724771078181914961e-12
1.150000000000000000e+01 4.583333333333334814e-01 -9.792127520829920387e-13
1.150000000000000000e+01 6.666666666666667407e-01 -5.909878260012007995e-13
1.150000000000000000e+01 8.750000000000000000e-01 -3.440867901355285611e-13
1.150000000000000000e+01 1.083333333333333481e+00 -1.936224989941336745e-13
1.150000000000000000e+01 1.291666666666666963e+00 -1.072729692335185756e-13
1.150000000000000000e+01 1.500000000000000000e+00 -5.909855561290097131e-14
1.150000000000000000e+01 1.708333333333333481e+00 -3.248539257411109204e-14
1.150000000000000000e+01 1.916666666666666963e+00 -4.250496575861795612e-11
1.150000000000000000e+01 2.125000000000000000e+00 -1.356059829439112174e-11
1.150000000000000000e+01 2.333333333333333481e+00 -5.509265209004722357e-15
1.150000000000000000e+01 2.541666666666666963e+00 -3.094000270554922366e-15
1.150000000000000000e+01 2.750000000000000000e+00 -1.754939445949932671e-15
1.150000000000000000e+01 2.958333333333333481e+00 -1.004555269660924274e-15
1.150000000000000000e+01 3.166666666666666963e+00 -5.799969080172959551e-16
1.150000000000000000e+01 3.375000000000000000e+00 -3.376031987181107113e-16
1.150000000000000000e+01 3.583333333333333925e+00 -1.980188123028500055e-16
1.150000000000000000e+01 3.791666666666666963e+00 -1.170031364046569746e-16
1.150000000000000000e+01 4.000000000000000000e+00 -6.960445216032061007e-17
1.179166666666666785e+01 -1.000000000000000000e+00 -1.760801410274364677e-11
1.179166666666666785e+01 -7.916666666666666297e-01 -1.760577525968489255e-11
1.179166666666666785e+01 -5.833333333333332593e-01 -1.760764290568578502e-11
1.179166666666666785e+01 -3.750000000000000000e-01 -1.760626507096652945e-11
1.179166666666666785e+01 -1.666666666666666297e-01 -1.754205667837951483e-11
1.179166666666666785e+01 4.166666666666674068e-02 -3.954156054436498324e-12
1.179166666666666785e+01 2.500000000000000000e-01 -2.423609144563665943e-12
1.179166666666666785e+01 4.583333333333334814e-01 -1.480120270656167152e-12
1.179166666666666785e+01 6.666666666666667407e-01 -8.625527452825012880e-13
1.179166666666666785e+01 8.750000000000000000e-01 -4.873452970840963042e-13
1.179166666666666785e+01 1.083333333333333481e+00 -2.713081521396739818e-13
1.179166666666666785e+01 1.291666666666666963e+00 -1.501345732815633805e-13
1.179166666666666785e+01 1.500000000000000000e+00 -8.298324226137965799e-14
1.179166666666666785e+01 1.708333333333333481e+00 -8.362098994098326834e-11
1.179166666666666785e+01 1.916666666666666963e+00 -1.156478139025003901e-11
1.179166666666666785e+01 2.125000000000000000e+00 -1.444358349206700142e-14
1.179166666666666785e+01 2.333333333333333481e+00 -8.204021434735985687e-15
1.179166666666666785e+01 2.541666666666666963e+00 -4.707653088586835484e-15
1.179166666666666785e+01 2.750000000000000000e+00 -2.726019169005208751e-15
1.179166666666666785e+01 2.958333333333333481e+00 -1.591887164065263366e-15
1.179166666666666785e+01 3.166666666666666963e+00 -9.367724172852560807e-16
1.179166666666666785e+01 3.375000000000000000e+00 -5.551941659967742632e-16
1.179166666666666785e+01 3.583333333333333925e+00 -3.311904939745668320e-16
1.179166666666666785e+01 3.791666666666666963e+00 -1.987141309207375185e-16
1.179166666666666785e+01 4.000000000000000000e+00 -1.198387762825957467e-16
1.208333333333333393e+01 -1.000000000000000000e+00 -3.112589580719991827e-11
1.208333333333333393e+01 -7.916666666666666297e-01 -3.112452165386859052e-11
1.208333333333333393e+01 -5.833333333333332593e-01 -3.112660623565110859e-11
1.208333333333333393e+01 -3.750000000000000000e-01 -3.112484502097367833e-11
1.208333333333333393e+01 -1.666666666666666297e-01 -8.603311305464397096e-12
1.208333333333333393e+01 4.166666666666674068e-02 -5.736761947166108502e-12
1.208333333333333393e+01 2.500000000000000000e-01 -3.593451633192134183e-12
1.208333333333333393e+01 4.583333333333334814e-01 -2.116253158366575856e-12
1.208333333333333393e+01 6.666666666666667407e-01 -1.203470340413433024e-12
1.208333333333333393e+01 8.750000000000000000e-01 -6.740269366288080230e-13
1.208333333333333393e+01 1.083333333333333481e+00 -3.749823168120984459e-13
1.208333333333333393e+01 1.291666666666666963e+00 -3.635586094778397002e-10
1.208333333333333393e+01 1.500000000000000000e+00 -1.417846653381035341e-10
1.208333333333333393e+01 1.708333333333333481e+00 -6.558200326919865351e-14
1.208333333333333393e+01 1.916666666666666963e+00 -3.723650209028911233e-14
1.208333333333333393e+01 2.125000000000000000e+00 -2.136658670998652523e-14
1.208333333333333393e+01 2.333333333333333481e+00 -1.238075484355663598e-14
1.208333333333333393e+01 2.541666666666666963e+00 -7.236463140314503341e-15
1.208333333333333393e+01 2.750000000000000000e+00 -4.263008843029139136e-15
1.208333333333333393e+01 2.958333333333333481e+00 -2.528988445777298161e-15
1.208333333333333393e+01 3.166666666666666963e+00 -1.509729691923777180e-15
1.208333333333333393e+01 3.375000000000000000e+00 -9.064893092569565206e-16
1.208333333333333393e+01 3.583333333333333925e+00 -5.469245063986705976e-16
1.208333333333333393e+01 3.791666666666666963e+00 -3.313888387560110796e-16
1.208333333333333393e+01 4.000000000000000000e+00 -2.015246096971856610e-16
1.237500000000000000e+01 -1.000000000000000000e+00 -4.993861047453236272e-11
1.237500000000000000e+01 -7.916666666666666297e-01 -4.994808582998070841e-11
1.237500000000000000e+01 -5.833333333333332593e-01 -4.994090585818210421e-11
1.237500000000000000e+01 -3.750000000000000000e-01 -1.668346437039408203e-11
1.237500000000000000e+01 -1.666666666666666297e-01 -1.240226446811925465e-11
1.237500000000000000e+01 4.166666666666674068e-02 -8.154855615892380925e-12
1.237500000000000000e+01 2.500000000000000000e-01 -4.919205426710274457e-12
1.237500000000000000e+01 4.583333333333334814e-01 -2.822101080522060340e-12
1.237500000000000000e+01 6.666666666666667407e-01 -1.590926400404296752e-12
1.237500000000000000e+01 8.750000000000000000e-01 -8.895302524845578260e-13
1.237500000000000000e+01 1.083333333333333481e+00 -7.435362869785182043e-10
1.237500000000000000e+01 1.291666666666666963e+00 -1.706832593911730910e-10
1.237500000000000000e+01 1.500000000000000000e+00 -1.581215671386372565e-13
1.237500000000000000e+01 1.708333333333333481e+00 -9.035472400378955796e-14
1.237500000000000000e+01 1.916666666666666963e+00 -5.217120146016761237e-14
1.237500000000000000e+01 2.125000000000000000e+00 -3.040102437270583582e-14
1.237500000000000000e+01 2.333333333333333481e+00 -1.786049546391170707e-14
1.237500000000000000e+01 2.541666666666666963e+00 -1.056903612758789623e-14
1.237500000000000000e+01 2.750000000000000000e+00 -6.294722263604085625e-15
1.237500000000000000e+01 2.958333333333333481e+00 -3.770420766309437415e-15
1.237500000000000000e+01 3.166666666666666963e+00 -2.270142079534674880e-15
1.237500000000000000e+01 3.375000000000000000e+00 -1.372757982897743288e-15
1.237500000000000000e+01 3.583333333333333925e+00 -8.332559403833448826e-16
1.237500000000000000e+01 3.791666666666666963e+00 -5.074191631489579251e-16
1.237500000000000000e+01 4.000000000000000000e+00 -3.098482350853229176e-16
1.266666666666666785e+01 -1.000000000000000000e+00 -6.638316858382986763e-11
1.266666666666666785e+01 -7.916666666666666297e-01 -6.637683341604100506e-11
1.266666666666666785e+01 -5.833333333333332593e-01 -2.580528374508901156e-11
1.266666666666666785e+01 -3.750000000000000000e-01 -2.231434712273850081e-11
1.266666666666666785e+01 -1.666666666666666297e-01 -1.599545533617292797e-11
1.266666666666666785e+01 4.166666666666674068e-02 -1.008141900822850748e-11
1.266666666666666785e+01 2.500000000000000000e-01 -5.838783114447587126e-12
1.266666666666666785e+01 4.583333333333334814e-01 -3.308171794488251885e-12
1.266666666666666785e+01 6.666666666666667407e-01 -1.852970247396492716e-12
1.266666666666666785e+01 8.750000000000000000e-01 -1.347079106636615419e-09
1.266666666666666785e+01 1.083333333333333481e+00 -5.195910812810019100e-11
1.266666666666666785e+01 1.291666666666666963e+00 -3.291399976177064558e-13
1.266666666666666785e+01 1.500000000000000000e+00 -1.880495393296736610e-13
1.266666666666666785e+01 1.708333333333333481e+00 -1.084914335342830722e-13
1.266666666666666785e+01 1.916666666666666963e+00 -6.315547965991637023e-14
1.266666666666666785e+01 2.125000000000000000e+00 -3.706010690258816269e-14
1.266666666666666785e+01 2.333333333333333481e+00 -2.190260682593401143e-14
1.266666666666666785e+01 2.541666666666666963e+00 -1.302821425311595361e-14
1.266666666666666785e+01 2.750000000000000000e+00 -7.794214995185219789e-15
1.266666666666666785e+01 2.958333333333333481e+00 -4.686649028784848047e-15
1.266666666666666785e+01 3.166666666666666963e+00 -2.830581283726274123e-15
1.266666666666666785e+01 3.375000000000000000e+00 -1.716155434588268938e-15
1.266666666666666785e+01 3.583333333333333925e+00 -1.043940931945931896e-15
1.266666666666666785e+01 3.791666666666666963e+00 -6.368339703832947060e-16
1.266666666666666785e+01 4.000000000000000000e+00 -3.894251011336156467e-16
1.295833333333333393e+01 -1.000000000000000000e+00 -6.140851117147502990e-11
1.295833333333333393e+01 -7.916666666666666297e-01 -2.631021976212243851e-11
1.295833333333333393e+01 -5.833333333333332593e-01 -2.783300430224028450e-11
1.295833333333333393e+01 -3.750000000000000000e-01 -2.304167888983896363e-11
1.295833333333333393e+01 -1.666666666666666297e-01 -1.563632064281121334e-11
1.295833333333333393e+01 4.166666666666674068e-02 -9.104702280123137338e-12
1.295833333333333393e+01 2.500000000000000000e-01 -5.154967549325902322e-12
1.295833333333333393e+01 4.583333333333334814e-01 -4.758266434246608334e-09
1.295833333333333393e+01 6.666666666666667407e-01 -1.845589965986708993e-09
1.295833333333333393e+01 8.750000000000000000e-01 -8.821254719498506667e-13
1.295833333333333393e+01 1.083333333333333481e+00 -4.932090502748269544e-13
1.295833333333333393e+01 1.291666666666666963e+00 -2.786251371329668409e-13
1.295833333333333393e+01 1.500000000000000000e+00 -1.590085387867987538e-13
1.295833333333333393e+01 1.708333333333333481e+00 -9.161791391800468863e-14
1.295833333333333393e+01 1.916666666666666963e+00 -5.325802838875783600e-14
1.295833333333333393e+01 2.125000000000000000e+00 -3.121137610193791752e-14
1.295833333333333393e+01 2.333333333333333481e+00 -1.842746023055608839e-14
1.295833333333333393e+01 2.541666666666666963e+00 -1.095253217403725612e-14
1.295833333333333393e+01 2.750000000000000000e+00 -6.548361767676647897e-15
1.295833333333333393e+01 2.958333333333333481e+00 -3.935581174245497666e-15
1.295833333333333393e+01 3.166666666666666963e+00 -2.376059152172523282e-15
1.295833333333333393e+01 3.375000000000000000e+00 -1.440165881671750325e-15
1.295833333333333393e+01 3.583333333333333925e+00 -8.758534975981123903e-16
1.295833333333333393e+01 3.791666666666666963e+00 -5.341997717377558775e-16
1.295833333333333393e+01 4.000000000000000000e+00 -3.266182504206236322e-16
1.325000000000000000e+01 -1.000000000000000000e+00 -1.296951851360954102e-11
1.325000000000000000e+01 -7.916666666666666297e-01 -1.703181714980679718e-11
1.325000000000000000e+01 -5.833333333333332593e-01 -1.765167649488348095e-11
1.325000000000000000e+01 -3.750000000000000000e-01 -1.349234147195654432e-11
1.325000000000000000e+01 -1.666666666666666297e-01 -7.775841096578554343e-12
1.325000000000000000e+01 4.166666666666674068e-02 -4.340779141486756012e-12
1.325000000000000000e+01 2.500000000000000000e-01 -9.135525124208966648e-09
1.325000000000000000e+01 4.583333333333334814e-01 -9.660770856180469979e-10
1.325000000000000000e+01 6.666666666666667407e-01 -6.886894182227717529e-13
1.325000000000000000e+01 8.750000000000000000e-01 -3.745613792802048392e-13
1.325000000000000000e+01 1.083333333333333481e+00 -2.060709163946513448e-13
1.325000000000000000e+01 1.291666666666666963e+00 -1.147491237632490563e-13
1.325000000000000000e+01 1.500000000000000000e+00 -6.467264127120515526e-14
1.325000000000000000e+01 1.708333333333333481e+00 -3.686572120592976528e-14
1.325000000000000000e+01 1.916666666666666963e+00 -2.123969704692330888e-14
1.325000000000000000e+01 2.125000000000000000e+00 -1.235697818264622781e-14
1.325000000000000000e+01 2.333333333333333481e+00 -7.252816736236409289e-15
1.325000000000000000e+01 2.541666666666666963e+00 -4.290223580968256426e-15
1.325000000000000000e+01 2.750000000000000000e+00 -2.555204201220033955e-15
1.325000000000000000e+01 2.958333333333333481e+00 -1.531014981546485575e-15
1.325000000000000000e+01 3.166666666666666963e+00 -9.220591045342577067e-16
1.325000000000000000e+01 3.375000000000000000e+00 -5.578026350016407624e-16
1.325000000000000000e+01 3.583333333333333925e+00 -3.387042665804746714e-16
1.325000000000000000e+01 3.791666666666666963e+00 -2.063328140792083977e-16
1.325000000000000000e+01 4.000000000000000000e+00 -1.260333521923325242e-16
1.354166666666666785e+01 -1.000000000000000000e+00 -2.767366415159706060e-12
1.354166666666666785e+01 -7.916666666666666297e-01 -3.972550813895818549e-12
1.354166666666666785e+01 -5.833333333333332593e-01 -3.655688446007558712e-12
1.354166666666666785e+01 -3.750000000000000000e-01 -1.998496867457138944e-12
1.354166666666666785e+01 -1.666666666666666297e-01 -1.073185713690653329e-12
1.354166666666666785e+01 4.166666666666674068e-02 -9.877824144577559972e-09
1.354166666666666785e+01 2.500000000000000000e-01 -2.879161603114861927e-13
1.354166666666666785e+01 4.583333333333334814e-01 -1.477471147344794634e-13
1.354166666666666785e+01 6.666666666666667407e-01 -7.656930590282030801e-14
1.354166666666666785e+01 8.750000000000000000e-01 -4.027005312766900112e-14
1.354166666666666785e+01 1.083333333333333481e+00 -2.152525466503690529e-14
1.354166666666666785e+01 1.291666666666666963e+00 -1.169987629505113336e-14
1.354166666666666785e+01 1.500000000000000000e+00 -6.462398190785754157e-15
1.354166666666666785e+01 1.708333333333333481e+00 -3.624027619376505123e-15
1.354166666666666785e+01 1.916666666666666963e+00 -2.060127773887258264e-15
1.354166666666666785e+01 2.125000000000000000e+00 -1.185860073716937353e-15
1.354166666666666785e+01 2.333333333333333481e+00 -6.899109167536080481e-16
1.354166666666666785e+01 2.541666666666666963e+00 -4.053121476314722792e-16
1.354166666666666785e+01 2.750000000000000000e+00 -2.401423604950173299e-16
1.354166666666666785e+01 2.958333333333333481e+00 -1.432273370127803735e-16
1.354166666666666785e+01 3.166666666666666963e+00 -8.600782855230254576e-17
1.354166666666666785e+01 3.375000000000000000e+00 -5.187346349812460560e-17
1.354166666666666785e+01 3.583333333333333925e+00 -3.142445371225096582e-17
1.354166666666666785e+01 3.791666666666666963e+00 -1.911273489187125620e-17
1.354166666666666785e+01 4.000000000000000000e+00 -1.165963578094080703e-17
1.383333333333333393e+01 -1.000000000000000000e+00 -1.039580780783947864e-13
1.383333333333333393e+01 -7.916666666666666297e-01 -1.265620990538950527e-13
1.383333333333333393e+01 -5.833333333333332593e-01 -5.953608765426699309e-14
1.383333333333333393e+01 -3.750000000000000000e-01 -2.927711058539610723e-14
1.383333333333333393e+01 -1.666666666666666297e-01 -1.720376414848986457e-09
1.383333333333333393e+01 4.166666666666674068e-02 -6.852918039947163372e-15
1.383333333333333393e+01 2.500000000000000000e-01 -3.273584604507898505e-15
1.383333333333333393e+01 4.583333333333334814e-01 -1.587644613348221363e-15
1.383333333333333393e+01 6.666666666666667407e-01 -7.825236805035209140e-16
1.383333333333333393e+01 8.750000000000000000e-01 -3.966420414069319450e-16
1.383333333333333393e+01 1.083333333333333481e+00 -2.031822792632587047e-16
1.383333333333333393e+01 1.291666666666666963e+00 -1.079546365637418764e-16
1.383333333333333393e+01 1.500000000000000000e+00 -5.831512653137325593e-17
1.383333333333333393e+01 1.708333333333333481e+00 -3.200124761659826974e-17
1.383333333333333393e+01 1.916666666666666963e+00 -1.798251951087251563e-17
1.383333333333333393e+01 2.125000000000000000e+00 -1.020576480839167055e-17
1.383333333333333393e+01 2.333333333333333481e+00 -5.907026743861729890e-18
1.383333333333333393e+01 2.541666666666666963e+00 -3.446343173790031104e-18
1.383333333333333393e+01 2.750000000000000000e+00 -2.021292330720904829e-18
1.383333333333333393e+01 2.958333333333333481e+00 -1.201955702694673410e-18
1.383333333333333393e+01 3.166666666666666963e+00 -7.208849846118881697e-19
1.383333333333333393e+01 3.375000000000000000e+00 -4.338118522224187005e-19
1.383333333333333393e+01 3.583333333333333925e+00 -2.620268445474946310e-19
1.383333333333333393e+01 3.791666666666666963e+00 -1.599389740967426198e-19
1.383333333333333393e+01 4.000000000000000000e+00 -9.424119140324725480e-20
1.412500000000000000e+01 -1.000000000000000000e+00 -2.311669437318598234e-16
1.412500000000000000e+01 -7.916666666666666297e-01 -7.340393477845752471e-17
1.412500000000000000e+01 -5.833333333333332593e-01 -3.181644198943439219e-17
1.412500000000000000e+01 -3.750000000000000000e-01 -1.399619509672362269e-17
1.412500000000000000e+01 -1.666666666666666297e-01 -7.040332013377132669e-18
1.412500000000000000e+01 4.166666666666674068e-02 -2.799096407479829018e-18
1.412500000000000000e+01 2.500000000000000000e-01 -1.359894005779299014e-18
1.412500000000000000e+01 4.583333333333334814e-01 -6.489582824146766419e-19
1.412500000000000000e+01 6.666666666666667407e-01 3.909535587903441066e-19
1.412500000000000000e+01 8.750000000000000000e-01 -1.240881478942895805e-19
1.412500000000000000e+01 1.083333333333333481e+00 -7.314135600677528365e-20
1.412500000000000000e+01 1.291666666666666963e+00 -3.839079997272308106e-20
1.412500000000000000e+01 1.500000000000000000e+00 -2.142394157197894120e-20
1.412500000000000000e+01 1.708333333333333481e+00 -1.175455380382964936e-20
1.412500000000000000e+01 1.916666666666666963e+00 -1.417928267860774025e-21
1.412500000000000000e+01 2.125000000000000000e+00 -1.843947736455368707e-21
1.412500000000000000e+01 2.333333333333333481e+00 -9.838941171389562031e-22
1.412500000000000000e+01 2.541666666666666963e+00 -1.343218594878555544e-21
1.412500000000000000e+01 2.750000000000000000e+00 -5.942907649602089109e-22
1.412500000000000000e+01 2.958333333333333481e+00 -1.690078573631196544e-21
1.412500000000000000e+01 3.166666666666666963e+00 -2.622184021936023202e-22
1.412500000000000000e+01 3.375000000000000000e+00 -5.177315143871944004e-22
1.412500000000000000e+01 3.583333333333333925e+00 -7.740418252157632842e-23
1.412500000000000000e+01 3.791666666666666963e+00 -5.847117047248737570e-23
1.412500000000000000e+01 4.000000000000000000e+00 -3.529735685769205099e-23
1.441666666666666785e+01 -1.000000000000000000e+00 -1.156170727912509640e-19
1.441666666666666785e+01 -7.916666666666666297e-01 -2.956467429637065165e-18
1.441666666666666785e+01 -5.833333333333332593e-01 4.498256877073430263e-20
1.441666666666666785e+01 -3.750000000000000000e-01 4.989343433171192233e-20
1.441666666666666785e+01 -1.666666666666666297e-01 1.585053456175778590e-19
1.441666666666666785e+01 4.166666666666674068e-02 4.029629139160768012e-19
1.441666666666666785e+01 2.500000000000000000e-01 2.363193028878827074e-18
1.441666666666666785e+01 4.583333333333334814e-01 6.627685864847892810e-18
1.441666666666666785e+01 6.666666666666667407e-01 -1.537043797096915238e-18
1.441666666666666785e+01 8.750000000000000000e-01 1.091208147010551324e-17
1.441666666666666785e+01 1.083333333333333481e+00 -8.470094335946251772e-19
1.441666666666666785e+01 1.291666666666666963e+00 9.547648266084443495e-19
1.441666666666666785e+01 1.500000000000000000e+00 -1.475631013128650119e-18
1.441666666666666785e+01 1.708333333333333481e+00 -3.340626170723685407e-19
1.441666666666666785e+01 1.916666666666666963e+00 2.094765634067146475e-20
1.441666666666666785e+01 2.125000000000000000e+00 2.065126214322273324e-20
1.441666666666666785e+01 2.333333333333333481e+00 -3.384009447674019814e-21
1.441666666666666785e+01 2.541666666666666963e+00 -5.933347195900824641e-22
1.441666666666666785e+01 2.750000000000000000e+00 1.496405580044683574e-21
1.441666666666666785e+01 2.958333333333333481e+00 -5.044730947139233104e-20
1.441666666666666785e+01 3.166666666666666963e+00 -7.242182606377971988e-21
1.441666666666666785e+01 3.375000000000000000e+00 -1.858999628552764331e-20
1.441666666666666785e+01 3.583333333333333925e+00 9.025922210355643608e-21
1.441666666666666785e+01 3.791666666666666963e+00 1.820269078836870500e-20
1.441666666666666785e+01 4.000000000000000000e+00 -3.136323099271407511e-22
1.470833333333333393e+01 -1.000000000000000000e+00 -5.185577318695432722e-19
1.470833333333333393e+01 -7.916666666666666297e-01 -3.817371825027520476e-20
1.470833333333333393e+01 -5.833333333333332593e-01 -9.718920155180161777e-21
1.470833333333333393e+01 -3.750000000000000000e-01 2.742159873224195214e-19
1.470833333333333393e+01 -1.666666666666666297e-01 -1.116681517745602032e-17
1.470833333333333393e+01 4.166666666666674068e-02 -6.060399171013912449e-17
1.470833333333333393e+01 2.500000000000000000e-01 -1.873648431985056324e-17
1.470833333333333393e+01 4.583333333333334814e-01 6.347549895377718818e-17
1.470833333333333393e+01 6.666666666666667407e-01 7.500405734462996836e-19
1.470833333333333393e+01 8.750000000000000000e-01 3.046324000265015541e-17
1.470833333333333393e+01 1.083333333333333481e+00 2.263785981648926266e-17
1.470833333333333393e+01 1.291666666666666963e+00 1.793670083360968666e-18
1.470833333333333393e+01 1.500000000000000000e+00 -2.878129716355785105e-19
1.470833333333333393e+01 1.708333333333333481e+00 -4.057569268039061212e-19
1.470833333333333393e+01 1.916666666666666963e+00 -3.152660207593507401e-18
1.470833333333333393e+01 2.125000000000000000e+00 3.853188662084628347e-20
1.470833333333333393e+01 2.333333333333333481e+00 4.477263890369852544e-20
1.470833333333333393e+01 2.541666666666666963e+00 7.372528686458659134e-19
1.470833333333333393e+01 2.750000000000000000e+00 4.460024817251270402e-19
1.470833333333333393e+01 2.958333333333333481e+00 5.715933217713455011e-21
1.470833333333333393e+01 3.166666666666666963e+00 1.544949068476783498e-19
1.470833333333333393e+01 3.375000000000000000e+00 1.042152786344735040e-20
1.470833333333333393e+01 3.583333333333333925e+00 4.605296747326943173e-20
1.470833333333333393e+01 3.791666666666666963e+00 2.349780012790989156e-21
1.470833333333333393e+01 4.000000000000000000e+00 -1.253889183577580291e-21
1.500000000000000000e+01 -1.000000000000000000e+00 -2.450115322280128469e-20
1.500000000000000000e+01 -7.916666666666666297e-01 2.608349583759736003e-19
1.500000000000000000e+01 -5.833333333333332593e-01 1.433966015534299812e-19
1.500000000000000000e+01 -3.750000000000000000e-01 -3.812271236582199576e-19
1.500000000000000000e+01 -1.666666666666666297e-01 -6.589774207604636092e-19
1.500000000000000000e+01 4.166666666666674068e-02 -2.229989216195219352e-18
1.500000000000000000e+01 2.500000000000000000e-01 5.673766807579821460e-17
1.500000000000000000e+01 4.583333333333334814e-01 -5.396844711329017918e-17
1.500000000000000000e+01 6.666666666666667407e-01 -3.523233977924880259e-19
1.500000000000000000e+01 8.750000000000000000e-01 3.459432671089779788e-17
1.500000000000000000e+01 1.083333333333333481e+00 4.566963319999826142e-18
1.500000000000000000e+01 1.291666666666666963e+00 3.890067159235975372e-18
1.500000000000000000e+01 1.500000000000000000e+00 3.559032170861083284e-20
1.500000000000000000e+01 1.708333333333333481e+00 1.591422052300151781e-19
1.500000000000000000e+01 1.916666666666666963e+00 9.622571846521211600e-20
1.500000000000000000e+01 2.125000000000000000e+00 1.115062177838787813e-19
1.500000000000000000e+01 2.333333333333333481e+00 -1.709434916199653018e-20
1.500000000000000000e+01 2.541666666666666963e+00 -3.104121896536300631e-19
1.500000000000000000e+01 2.750000000000000000e+00 -3.554125548828568242e-19
1.500000000000000000e+01 2.958333333333333481e+00 -3.869259849629749581e-21
1.500000000000000000e+01 3.166666666666666963e+00 1.659075512773707791e-20
1.500000000000000000e+01 3.375000000000000000e+00 -1.180395967030220026e-21
1.500000000000000000e+01 3.583333333333333925e+00 -6.100026162171400581e-21
1.500000000000000000e+01 3.791666666666666963e+00 3.893875109463019261e-21
1.500000000000000000e+01 4.000000000000000000e+00 -5.857655100517528999e-22
