0.000000000000000000e+00 -1.172793311928954325e-10
3.448275862068965469e-02 -1.521599573259813221e-10
6.896551724137930939e-02 -1.870406301067287844e-10
1.034482758620689641e-01 -2.219216371715568222e-10
1.379310344827586188e-01 -2.568023053212999176e-10
1.724137931034482873e-01 -2.916828177988646034e-10
2.068965517241379282e-01 -3.265631750258862411e-10
2.413793103448275690e-01 -3.614444179558499058e-10
2.758620689655172376e-01 -3.963249436556264537e-10
3.103448275862069061e-01 -4.312062953487361312e-10
3.448275862068965747e-01 -4.660858520238940421e-10
3.793103448275861878e-01 -5.009675902254524134e-10
4.137931034482758563e-01 -5.358476256083800011e-10
4.482758620689655249e-01 -5.707279062708838366e-10
4.827586206896551380e-01 -6.056098737327937349e-10
5.172413793103448620e-01 -6.404891667709661158e-10
5.517241379310344751e-01 -6.753701996209537664e-10
5.862068965517240882e-01 -7.102503695413296914e-10
6.206896551724138122e-01 -7.451317053661939285e-10
6.551724137931034253e-01 -7.800117989946159730e-10
6.896551724137931494e-01 -8.148926529278656272e-10
7.241379310344827624e-01 -8.497732565501866948e-10
7.586206896551723755e-01 -8.846544690973343988e-10
7.931034482758620996e-01 -9.195353996433127848e-10
8.275862068965517127e-01 -9.544157697301098614e-10
8.620689655172413257e-01 -9.892962183949240576e-10
8.965517241379310498e-01 -1.024177030336595795e-09
9.310344827586206629e-01 -1.059057490475738916e-09
9.655172413793102759e-01 -1.093936626672842103e-09
1.000000000000000000e+00 -1.128818001572987146e-09
