8.000000000000000000e+00 -1.000000000000000000e+00 -3.165260122160722424e-15
8.000000000000000000e+00 -7.916666666666666297e-01 -3.165918689007801339e-15
8.000000000000000000e+00 -5.833333333333332593e-01 -3.164374735978545782e-15
8.000000000000000000e+00 -3.750000000000000000e-01 -3.164855515227616679e-15
8.000000000000000000e+00 -1.666666666666666297e-01 -3.164565023355954092e-15
8.000000000000000000e+00 4.166666666666674068e-02 -3.164320158696392053e-15
8.000000000000000000e+00 2.500000000000000000e-01 -3.164578125369175251e-15
8.000000000000000000e+00 4.583333333333334814e-01 -3.164562205536270690e-15
8.000000000000000000e+00 6.666666666666667407e-01 -3.164105059775651663e-15
8.000000000000000000e+00 8.750000000000000000e-01 -3.164660700926099733e-15
8.000000000000000000e+00 1.083333333333333481e+00 -3.164361111894821615e-15
8.000000000000000000e+00 1.291666666666666963e+00 -3.164044970993986363e-15
8.000000000000000000e+00 1.500000000000000000e+00 -3.164720723624423152e-15
8.000000000000000000e+00 1.708333333333333481e+00 -3.165036019091710858e-15
8.000000000000000000e+00 1.916666666666666963e+00 -3.164224668898239702e-15
8.000000000000000000e+00 2.125000000000000000e+00 -3.164768485557113516e-15
8.000000000000000000e+00 2.333333333333333481e+00 -3.167047857372445186e-15
8.000000000000000000e+00 2.541666666666666963e+00 -4.456313570646920154e-16
8.000000000000000000e+00 2.750000000000000000e+00 -1.160272929928676258e-16
8.000000000000000000e+00 2.958333333333333481e+00 -1.600156518552782038e-17
8.000000000000000000e+00 3.166666666666666963e+00 -7.562983529526789521e-18
8.000000000000000000e+00 3.375000000000000000e+00 -5.389498873248499287e-18
8.000000000000000000e+00 3.583333333333333925e+00 -3.078074123242476387e-18
8.000000000000000000e+00 3.791666666666666963e+00 -1.685131876779067033e-18
8.000000000000000000e+00 4.000000000000000000e+00 -9.149764333093360904e-19
8.291666666666666075e+00 -1.000000000000000000e+00 -6.195097656337144139e-15
8.291666666666666075e+00 -7.916666666666666297e-01 -6.195588841414746671e-15
8.291666666666666075e+00 -5.833333333333332593e-01 -6.193261540279490757e-15
8.291666666666666075e+00 -3.750000000000000000e-01 -6.193002800211956416e-15
8.291666666666666075e+00 -1.666666666666666297e-01 -6.193569762199094356e-15
8.291666666666666075e+00 4.166666666666674068e-02 -6.193805204213255250e-15
8.291666666666666075e+00 2.500000000000000000e-01 -6.194271434372273510e-15
8.291666666666666075e+00 4.583333333333334814e-01 -6.194140611072682800e-15
8.291666666666666075e+00 6.666666666666667407e-01 -6.193746173480206626e-15
8.291666666666666075e+00 8.750000000000000000e-01 -6.194862566870062795e-15
8.291666666666666075e+00 1.083333333333333481e+00 -6.194359066951409274e-15
8.291666666666666075e+00 1.291666666666666963e+00 -6.194388061852134587e-15
8.291666666666666075e+00 1.500000000000000000e+00 -6.194552636485214427e-15
8.291666666666666075e+00 1.708333333333333481e+00 -6.193964686162290419e-15
8.291666666666666075e+00 1.916666666666666963e+00 -6.193887792323587979e-15
8.291666666666666075e+00 2.125000000000000000e+00 -6.193895888609422698e-15
8.291666666666666075e+00 2.333333333333333481e+00 -9.176812241479554094e-16
8.291666666666666075e+00 2.541666666666666963e+00 -2.526754550518603822e-16
8.291666666666666075e+00 2.750000000000000000e+00 -3.872129821705907939e-17
8.291666666666666075e+00 2.958333333333333481e+00 -1.923571895496357193e-17
8.291666666666666075e+00 3.166666666666666963e+00 -1.343489135068280661e-17
8.291666666666666075e+00 3.375000000000000000e+00 -7.657069908990500839e-18
8.291666666666666075e+00 3.583333333333333925e+00 -4.194316976292060726e-18
8.291666666666666075e+00 3.791666666666666963e+00 -2.279554647294096449e-18
8.291666666666666075e+00 4.000000000000000000e+00 -1.237108976680953079e-18
8.583333333333333925e+00 -1.000000000000000000e+00 -1.212622472423288956e-14
8.583333333333333925e+00 -7.916666666666666297e-01 -1.212451803909140461e-14
8.583333333333333925e+00 -5.833333333333332593e-01 -1.212351163674011135e-14
8.583333333333333925e+00 -3.750000000000000000e-01 -1.212092006539227897e-14
8.583333333333333925e+00 -1.666666666666666297e-01 -1.212254964407948511e-14
8.583333333333333925e+00 4.166666666666674068e-02 -1.212286103719939444e-14
8.583333333333333925e+00 2.500000000000000000e-01 -1.212342453097290064e-14
8.583333333333333925e+00 4.583333333333334814e-01 -1.212291443628886895e-14
8.583333333333333925e+00 6.666666666666667407e-01 -1.212263796775331909e-14
8.583333333333333925e+00 8.750000000000000000e-01 -1.212200723910929837e-14
8.583333333333333925e+00 1.083333333333333481e+00 -1.212381247631742338e-14
8.583333333333333925e+00 1.291666666666666963e+00 -1.212224478588126360e-14
8.583333333333333925e+00 1.500000000000000000e+00 -1.212342217524440458e-14
8.583333333333333925e+00 1.708333333333333481e+00 -1.212268080677933321e-14
8.583333333333333925e+00 1.916666666666666963e+00 -1.212196302219437409e-14
8.583333333333333925e+00 2.125000000000000000e+00 -1.863133764565227276e-15
8.583333333333333925e+00 2.333333333333333481e+00 -5.497400517690358897e-16
8.583333333333333925e+00 2.541666666666666963e+00 -9.414474605996856829e-17
8.583333333333333925e+00 2.750000000000000000e+00 -4.901802788065500326e-17
8.583333333333333925e+00 2.958333333333333481e+00 -3.356439668782532182e-17
8.583333333333333925e+00 3.166666666666666963e+00 -1.908831849088394628e-17
8.583333333333333925e+00 3.375000000000000000e+00 -1.046021131849237692e-17
8.583333333333333925e+00 3.583333333333333925e+00 -5.689513141020230777e-18
8.583333333333333925e+00 3.791666666666666963e+00 -3.090028380845340998e-18
8.583333333333333925e+00 4.000000000000000000e+00 -1.677157983415863195e-18
8.875000000000000000e+00 -1.000000000000000000e+00 -2.373076479375080622e-14
8.875000000000000000e+00 -7.916666666666666297e-01 -2.372676176717926167e-14
8.875000000000000000e+00 -5.833333333333332593e-01 -2.373006445770611049e-14
8.875000000000000000e+00 -3.750000000000000000e-01 -2.372639601336027991e-14
8.875000000000000000e+00 -1.666666666666666297e-01 -2.372535676413928887e-14
8.875000000000000000e+00 4.166666666666674068e-02 -2.373109757443357168e-14
8.875000000000000000e+00 2.500000000000000000e-01 -2.372300266523499559e-14
8.875000000000000000e+00 4.583333333333334814e-01 -2.372546576146049641e-14
8.875000000000000000e+00 6.666666666666667407e-01 -2.372810812122683339e-14
8.875000000000000000e+00 8.750000000000000000e-01 -2.372703933933103965e-14
8.875000000000000000e+00 1.083333333333333481e+00 -2.372833039271415748e-14
8.875000000000000000e+00 1.291666666666666963e+00 -2.372799016927505971e-14
8.875000000000000000e+00 1.500000000000000000e+00 -2.372640359186238314e-14
8.875000000000000000e+00 1.708333333333333481e+00 -2.372868731959473052e-14
8.875000000000000000e+00 1.916666666666666963e+00 -3.739249294347226571e-15
8.875000000000000000e+00 2.125000000000000000e+00 -1.195888200629260856e-15
8.875000000000000000e+00 2.333333333333333481e+00 -2.303861276215323938e-16
8.875000000000000000e+00 2.541666666666666963e+00 -1.251116813534904341e-16
8.875000000000000000e+00 2.750000000000000000e+00 -8.400903197663825419e-17
8.875000000000000000e+00 2.958333333333333481e+00 -4.767207360133538689e-17
8.875000000000000000e+00 3.166666666666666963e+00 -2.613176016571531948e-17
8.875000000000000000e+00 3.375000000000000000e+00 -1.422338400125221139e-17
8.875000000000000000e+00 3.583333333333333925e+00 -7.729768454987610084e-18
8.875000000000000000e+00 3.791666666666666963e+00 -4.196835798629143839e-18
8.875000000000000000e+00 4.000000000000000000e+00 -2.274051441538378710e-18
9.166666666666666075e+00 -1.000000000000000000e+00 -4.644657472291148843e-14
9.166666666666666075e+00 -7.916666666666666297e-01 -4.644018257079343545e-14
9.166666666666666075e+00 -5.833333333333332593e-01 -4.644122343533874979e-14
9.166666666666666075e+00 -3.750000000000000000e-01 -4.643585280152249927e-14
9.166666666666666075e+00 -1.666666666666666297e-01 -4.643985042271168154e-14
9.166666666666666075e+00 4.166666666666674068e-02 -4.644233725322167257e-14
9.166666666666666075e+00 2.500000000000000000e-01 -4.643559586809441635e-14
9.166666666666666075e+00 4.583333333333334814e-01 -4.643781262994513300e-14
9.166666666666666075e+00 6.666666666666667407e-01 -4.643592687124639250e-14
9.166666666666666075e+00 8.750000000000000000e-01 -4.643876670811315679e-14
9.166666666666666075e+00 1.083333333333333481e+00 -4.643934189940478614e-14
9.166666666666666075e+00 1.291666666666666963e+00 -4.643726775292781321e-14
9.166666666666666075e+00 1.500000000000000000e+00 -4.643613573220221766e-14
9.166666666666666075e+00 1.708333333333333481e+00 -7.544842563989054316e-15
9.166666666666666075e+00 1.916666666666666963e+00 -2.605017605889877614e-15
9.166666666666666075e+00 2.125000000000000000e+00 -5.683687643609806891e-16
9.166666666666666075e+00 2.333333333333333481e+00 -3.197786210170618420e-16
9.166666666666666075e+00 2.541666666666666963e+00 -2.106056233299071218e-16
9.166666666666666075e+00 2.750000000000000000e+00 -1.192526524619203833e-16
9.166666666666666075e+00 2.958333333333333481e+00 -6.538571216689916511e-17
9.166666666666666075e+00 3.166666666666666963e+00 -3.561163360102292411e-17
9.166666666666666075e+00 3.375000000000000000e+00 -1.936386441388199810e-17
9.166666666666666075e+00 3.583333333333333925e+00 -1.051509854590381950e-17
9.166666666666666075e+00 3.791666666666666963e+00 -5.694561160750008751e-18
9.166666666666666075e+00 4.000000000000000000e+00 -3.072575872397071164e-18
9.458333333333333925e+00 -1.000000000000000000e+00 -9.088777950795668182e-14
9.458333333333333925e+00 -7.916666666666666297e-01 -9.086832245185244037e-14
9.458333333333333925e+00 -5.833333333333332593e-01 -9.086723263613531511e-14
9.458333333333333925e+00 -3.750000000000000000e-01 -9.087425928156437917e-14
9.458333333333333925e+00 -1.666666666666666297e-01 -9.087742077759845548e-14
9.458333333333333925e+00 4.166666666666674068e-02 -9.087085675465737858e-14
9.458333333333333925e+00 2.500000000000000000e-01 -9.087048717413026831e-14
9.458333333333333925e+00 4.583333333333334814e-01 -9.087773531757264096e-14
9.458333333333333925e+00 6.666666666666667407e-01 -9.086297196417036547e-14
9.458333333333333925e+00 8.750000000000000000e-01 -9.087456149094406394e-14
9.458333333333333925e+00 1.083333333333333481e+00 -9.087778976879468241e-14
9.458333333333333925e+00 1.291666666666666963e+00 -9.086175664121084758e-14
9.458333333333333925e+00 1.500000000000000000e+00 -1.601536372855443221e-14
9.458333333333333925e+00 1.708333333333333481e+00 -5.689270700464864019e-15
9.458333333333333925e+00 1.916666666666666963e+00 -1.415176700548292304e-15
9.458333333333333925e+00 2.125000000000000000e+00 -8.183861223538036428e-16
9.458333333333333925e+00 2.333333333333333481e+00 -5.287467162948120944e-16
9.458333333333333925e+00 2.541666666666666963e+00 -2.987682653728140744e-16
9.458333333333333925e+00 2.750000000000000000e+00 -1.638563171843067025e-16
9.458333333333333925e+00 2.958333333333333481e+00 -8.929732955420431568e-17
9.458333333333333925e+00 3.166666666666666963e+00 -4.857881287081988576e-17
9.458333333333333925e+00 3.375000000000000000e+00 -2.637934589610164639e-17
9.458333333333333925e+00 3.583333333333333925e+00 -1.427758485484671053e-17
9.458333333333333925e+00 3.791666666666666963e+00 -7.702979848833751245e-18
9.458333333333333925e+00 4.000000000000000000e+00 -4.151505979591989635e-18
9.750000000000000000e+00 -1.000000000000000000e+00 -1.777980134591068058e-13
9.750000000000000000e+00 -7.916666666666666297e-01 -1.777789345251058582e-13
9.750000000000000000e+00 -5.833333333333332593e-01 -1.777674552709421351e-13
9.750000000000000000e+00 -3.750000000000000000e-01 -1.777490907750368559e-13
9.750000000000000000e+00 -1.666666666666666297e-01 -1.777719586662859027e-13
9.750000000000000000e+00 4.166666666666674068e-02 -1.777813137554477465e-13
9.750000000000000000e+00 2.500000000000000000e-01 -1.777779910081351782e-13
9.750000000000000000e+00 4.583333333333334814e-01 -1.777746039416734048e-13
9.750000000000000000e+00 6.666666666666667407e-01 -1.777888316803889032e-13
9.750000000000000000e+00 8.750000000000000000e-01 -1.778033954596491663e-13
9.750000000000000000e+00 1.083333333333333481e+00 -1.777825011202630426e-13
9.750000000000000000e+00 1.291666666666666963e+00 -3.810290199166140377e-14
9.750000000000000000e+00 1.500000000000000000e+00 -1.248067627466145855e-14
9.750000000000000000e+00 1.708333333333333481e+00 -3.558310967111132056e-15
9.750000000000000000e+00 1.916666666666666963e+00 -2.096918892958943857e-15
9.750000000000000000e+00 2.125000000000000000e+00 -1.329318672174572706e-15
9.750000000000000000e+00 2.333333333333333481e+00 -7.496472372762913414e-16
9.750000000000000000e+00 2.541666666666666963e+00 -4.112689843741072665e-16
9.750000000000000000e+00 2.750000000000000000e+00 -2.242762040603326155e-16
9.750000000000000000e+00 2.958333333333333481e+00 -1.220634478983455456e-16
9.750000000000000000e+00 3.166666666666666963e+00 -6.627572946346629490e-17
9.750000000000000000e+00 3.375000000000000000e+00 -3.585935634061429881e-17
9.750000000000000000e+00 3.583333333333333925e+00 -1.935846600540174537e-17
9.750000000000000000e+00 3.791666666666666963e+00 -3.162248744608658617e-15
9.750000000000000000e+00 4.000000000000000000e+00 -5.400116608874930479e-18
1.004166666666666785e+01 -1.000000000000000000e+00 -3.476570684665640480e-13
1.004166666666666785e+01 -7.916666666666666297e-01 -3.476574740070545549e-13
1.004166666666666785e+01 -5.833333333333332593e-01 -3.476280278570561125e-13
1.004166666666666785e+01 -3.750000000000000000e-01 -3.476079566854115386e-13
1.004166666666666785e+01 -1.666666666666666297e-01 -3.476433730342264288e-13
1.004166666666666785e+01 4.166666666666674068e-02 -3.476347360029316945e-13
1.004166666666666785e+01 2.500000000000000000e-01 -3.476822990952897375e-13
1.004166666666666785e+01 4.583333333333334814e-01 -3.476712329283030408e-13
1.004166666666666785e+01 6.666666666666667407e-01 -3.476419058584029447e-13
1.004166666666666785e+01 8.750000000000000000e-01 -3.476559662230282563e-13
1.004166666666666785e+01 1.083333333333333481e+00 -1.033639694463084064e-13
1.004166666666666785e+01 1.291666666666666963e+00 -2.757934633067962283e-14
1.004166666666666785e+01 1.500000000000000000e+00 -9.023405478767869923e-15
1.004166666666666785e+01 1.708333333333333481e+00 -5.378018612500363295e-15
1.004166666666666785e+01 1.916666666666666963e+00 -3.346679521427008622e-15
1.004166666666666785e+01 2.125000000000000000e+00 -1.883924752428329605e-15
1.004166666666666785e+01 2.333333333333333481e+00 -1.034031778570528067e-15
1.004166666666666785e+01 2.541666666666666963e+00 -5.643047156773918598e-16
1.004166666666666785e+01 2.750000000000000000e+00 -3.072691336335510349e-16
1.004166666666666785e+01 2.958333333333333481e+00 -1.668275296285036490e-16
1.004166666666666785e+01 3.166666666666666963e+00 -9.029361282627873685e-17
1.004166666666666785e+01 3.375000000000000000e+00 -4.881743637933061151e-17
1.004166666666666785e+01 3.583333333333333925e+00 -2.277937205756856255e-17
1.004166666666666785e+01 3.791666666666666963e+00 -1.437199575517255520e-17
1.004166666666666785e+01 4.000000000000000000e+00 -7.846650204527701655e-18
1.033333333333333393e+01 -1.000000000000000000e+00 -6.792493166789210647e-13
1.033333333333333393e+01 -7.916666666666666297e-01 -6.793382981008679732e-13
1.033333333333333393e+01 -5.833333333333332593e-01 -6.792970723961971633e-13
1.033333333333333393e+01 -3.750000000000000000e-01 -6.793253903862870642e-13
1.033333333333333393e+01 -1.666666666666666297e-01 -6.792879668398067811e-13
1.033333333333333393e+01 4.166666666666674068e-02 -6.793164770837993932e-13
1.033333333333333393e+01 2.500000000000000000e-01 -6.792147625427514784e-13
1.033333333333333393e+01 4.583333333333334814e-01 -6.793480906510721802e-13
1.033333333333333393e+01 6.666666666666667407e-01 -6.792976794497227999e-13
1.033333333333333393e+01 8.750000000000000000e-01 -2.973277691227133575e-13
1.033333333333333393e+01 1.083333333333333481e+00 -6.155132147596083869e-14
1.033333333333333393e+01 1.291666666666666963e+00 -2.304385698199267078e-14
1.033333333333333393e+01 1.500000000000000000e+00 -1.380539284541335558e-14
1.033333333333333393e+01 1.708333333333333481e+00 -8.437657594226635050e-15
1.033333333333333393e+01 1.916666666666666963e+00 -4.742600043147897560e-15
1.033333333333333393e+01 2.125000000000000000e+00 -2.604908069853210254e-15
1.033333333333333393e+01 2.333333333333333481e+00 -1.422899645313763284e-15
1.033333333333333393e+01 2.541666666666666963e+00 -7.752360608364267234e-16
1.033333333333333393e+01 2.750000000000000000e+00 -4.210427015803903704e-16
1.033333333333333393e+01 2.958333333333333481e+00 -2.281796782827906709e-16
1.033333333333333393e+01 3.166666666666666963e+00 -4.684423656288006926e-13
1.033333333333333393e+01 3.375000000000000000e+00 -6.211839394664657340e-17
1.033333333333333393e+01 3.583333333333333925e+00 -3.675254569536284613e-17
1.033333333333333393e+01 3.791666666666666963e+00 -2.019601328466464929e-17
1.033333333333333393e+01 4.000000000000000000e+00 -1.117187208791203327e-17
1.062500000000000000e+01 -1.000000000000000000e+00 -1.324907136772625937e-12
1.062500000000000000e+01 -7.916666666666666297e-01 -1.324835986187993344e-12
1.062500000000000000e+01 -5.833333333333332593e-01 -1.324633647407248483e-12
1.062500000000000000e+01 -3.750000000000000000e-01 -1.324885298653064140e-12
1.062500000000000000e+01 -1.666666666666666297e-01 -1.324830136910802843e-12
1.062500000000000000e+01 4.166666666666674068e-02 -1.324688550949178094e-12
1.062500000000000000e+01 2.500000000000000000e-01 -1.324840948043707734e-12
1.062500000000000000e+01 4.583333333333334814e-01 -1.324824469351859479e-12
1.062500000000000000e+01 6.666666666666667407e-01 -8.217317978320773529e-13
1.062500000000000000e+01 8.750000000000000000e-01 -1.391369240064656043e-13
1.062500000000000000e+01 1.083333333333333481e+00 -5.908972401051487504e-14
1.062500000000000000e+01 1.291666666666666963e+00 -3.544503168364537802e-14
1.062500000000000000e+01 1.500000000000000000e+00 -2.130410771966297042e-14
1.062500000000000000e+01 1.708333333333333481e+00 -1.196167104432414182e-14
1.062500000000000000e+01 1.916666666666666963e+00 -6.577140747899556158e-15
1.062500000000000000e+01 2.125000000000000000e+00 -3.597099195977909215e-15
1.062500000000000000e+01 2.333333333333333481e+00 -1.961539060161344233e-15
1.062500000000000000e+01 2.541666666666666963e+00 -1.066599975608822948e-15
1.062500000000000000e+01 2.750000000000000000e+00 -5.794878844000498457e-16
1.062500000000000000e+01 2.958333333333333481e+00 -9.432672610605741784e-13
1.062500000000000000e+01 3.166666666666666963e+00 -1.710436238972453528e-16
1.062500000000000000e+01 3.375000000000000000e+00 -9.488676388962846952e-17
1.062500000000000000e+01 3.583333333333333925e+00 -5.256514733253503105e-17
1.062500000000000000e+01 3.791666666666666963e+00 -2.932814470928717495e-17
1.062500000000000000e+01 4.000000000000000000e+00 -1.647336460230394120e-17
1.091666666666666785e+01 -1.000000000000000000e+00 -2.575406042705470984e-12
1.091666666666666785e+01 -7.916666666666666297e-01 -2.574991929230182687e-12
1.091666666666666785e+01 -5.833333333333332593e-01 -2.575087254066516538e-12
1.091666666666666785e+01 -3.750000000000000000e-01 -2.575031293701759703e-12
1.091666666666666785e+01 -1.666666666666666297e-01 -2.575373087347152054e-12
1.091666666666666785e+01 4.166666666666674068e-02 -2.575268971687291094e-12
1.091666666666666785e+01 2.500000000000000000e-01 -2.575288426501707956e-12
1.091666666666666785e+01 4.583333333333334814e-01 -2.044541624727035062e-12
1.091666666666666785e+01 6.666666666666667407e-01 -3.191006023998501957e-13
1.091666666666666785e+01 8.750000000000000000e-01 -1.515380615590946203e-13
1.091666666666666785e+01 1.083333333333333481e+00 -9.092791804844011724e-14
1.091666666666666785e+01 1.291666666666666963e+00 -5.386062534057205804e-14
1.091666666666666785e+01 1.500000000000000000e+00 -3.022892907979562634e-14
1.091666666666666785e+01 1.708333333333333481e+00 -1.664880720756547009e-14
1.091666666666666785e+01 1.916666666666666963e+00 -9.120829194932302806e-15
1.091666666666666785e+01 2.125000000000000000e+00 -4.981232532320930768e-15
1.091666666666666785e+01 2.333333333333333481e+00 -2.715278506537759783e-15
1.091666666666666785e+01 2.541666666666666963e+00 -1.481276105986887271e-15
1.091666666666666785e+01 2.750000000000000000e+00 -1.093028569418499280e-13
1.091666666666666785e+01 2.958333333333333481e+00 -4.468722802942563447e-16
1.091666666666666785e+01 3.166666666666666963e+00 -2.478733187055249754e-16
1.091666666666666785e+01 3.375000000000000000e+00 -1.386516040064154428e-16
1.091666666666666785e+01 3.583333333333333925e+00 -7.815744134597703485e-17
1.091666666666666785e+01 3.791666666666666963e+00 -4.438997569533145799e-17
1.091666666666666785e+01 4.000000000000000000e+00 -2.540011868040937246e-17
1.120833333333333393e+01 -1.000000000000000000e+00 -4.973268439975781642e-12
1.120833333333333393e+01 -7.916666666666666297e-01 -4.971754398169512121e-12
1.120833333333333393e+01 -5.833333333333332593e-01 -4.972238194259334637e-12
1.120833333333333393e+01 -3.750000000000000000e-01 -4.972531696772179074e-12
1.120833333333333393e+01 -1.666666666666666297e-01 -4.972890377774327062e-12
1.120833333333333393e+01 4.166666666666674068e-02 -4.972555085059026726e-12
1.120833333333333393e+01 2.500000000000000000e-01 -4.548654184399073159e-12
1.120833333333333393e+01 4.583333333333334814e-01 -7.406329887653173960e-13
1.120833333333333393e+01 6.666666666666667407e-01 -3.871590171437834000e-13
1.120833333333333393e+01 8.750000000000000000e-01 -2.325889902582443474e-13
1.120833333333333393e+01 1.083333333333333481e+00 -1.362484362312479266e-13
1.120833333333333393e+01 1.291666666666666963e+00 -7.651385969540274867e-14
1.120833333333333393e+01 1.500000000000000000e+00 -4.224421660290769375e-14
1.120833333333333393e+01 1.708333333333333481e+00 -2.319823450080262245e-14
1.120833333333333393e+01 1.916666666666666963e+00 -1.270240158717989838e-14
1.120833333333333393e+01 2.125000000000000000e+00 -6.952266311745695873e-15
1.120833333333333393e+01 2.333333333333333481e+00 -1.026480431210914838e-11
1.120833333333333393e+01 2.541666666666666963e+00 -1.023939810049945016e-13
1.120833333333333393e+01 2.750000000000000000e+00 -1.170118652100282223e-15
1.120833333333333393e+01 2.958333333333333481e+00 -6.559258225005480154e-16
1.120833333333333393e+01 3.166666666666666963e+00 -3.710003738666176482e-16
1.120833333333333393e+01 3.375000000000000000e+00 -2.115917716591465338e-16
1.120833333333333393e+01 3.583333333333333925e+00 -1.216530636800450774e-16
1.120833333333333393e+01 3.791666666666666963e+00 -7.049297287982447834e-17
1.120833333333333393e+01 4.000000000000000000e+00 -4.116386152556293259e-17
1.150000000000000000e+01 -1.000000000000000000e+00 -9.477642784655688559e-12
1.150000000000000000e+01 -7.916666666666666297e-01 -9.478204475303364351e-12
1.150000000000000000e+01 -5.833333333333332593e-01 -9.476561717305847809e-12
1.150000000000000000e+01 -3.750000000000000000e-01 -9.476838449789467742e-12
1.150000000000000000e+01 -1.666666666666666297e-01 -9.477221164835727572e-12
1.150000000000000000e+01 4.166666666666674068e-02 -9.272668458999191742e-12
1.150000000000000000e+01 2.500000000000000000e-01 -1.724776044427262998e-12
1.150000000000000000e+01 4.583333333333334814e-01 -9.792199201641697607e-13
1.150000000000000000e+01 6.666666666666667407e-01 -5.909970955848491111e-13
1.150000000000000000e+01 8.750000000000000000e-01 -3.440979956184695060e-13
1.150000000000000000e+01 1.083333333333333481e+00 -1.936351113931438382e-13
1.150000000000000000e+01 1.291666666666666963e+00 -1.072871204077656893e-13
1.150000000000000000e+01 1.500000000000000000e+00 -5.911413529852289604e-14
1.150000000000000000e+01 1.708333333333333481e+00 -3.250062085545728985e-14
1.150000000000000000e+01 1.916666666666666963e+00 -1.789013381642952204e-14
1.150000000000000000e+01 2.125000000000000000e+00 -1.735259293888945477e-11
1.150000000000000000e+01 2.333333333333333481e+00 -5.510977407917460004e-15
1.150000000000000000e+01 2.541666666666666963e+00 -3.094561950444294728e-15
1.150000000000000000e+01 2.750000000000000000e+00 -1.755125637843046993e-15
1.150000000000000000e+01 2.958333333333333481e+00 -1.004619817537817377e-15
1.150000000000000000e+01 3.166666666666666963e+00 -5.800201318865589638e-16
1.150000000000000000e+01 3.375000000000000000e+00 -3.376112800375534707e-16
1.150000000000000000e+01 3.583333333333333925e+00 -1.980218278485357602e-16
1.150000000000000000e+01 3.791666666666666963e+00 -1.170043571590659105e-16
1.150000000000000000e+01 4.000000000000000000e+00 -6.960093549107078591e-17
1.179166666666666785e+01 -1.000000000000000000e+00 -1.760801411319662155e-11
1.179166666666666785e+01 -7.916666666666666297e-01 -1.760577530420864512e-11
1.179166666666666785e+01 -5.833333333333332593e-01 -1.760764328877357033e-11
1.179166666666666785e+01 -3.750000000000000000e-01 -1.760626506196035173e-11
1.179166666666666785e+01 -1.666666666666666297e-01 -1.754206015775220439e-11
1.179166666666666785e+01 4.166666666666674068e-02 -3.954170116600480070e-12
1.179166666666666785e+01 2.500000000000000000e-01 -2.423632293338200324e-12
1.179166666666666785e+01 4.583333333333334814e-01 -1.480150362620980734e-12
1.179166666666666785e+01 6.666666666666667407e-01 -8.625898033730192321e-13
1.179166666666666785e+01 8.750000000000000000e-01 -4.873877013090819731e-13
1.179166666666666785e+01 1.083333333333333481e+00 -2.713556766083683819e-13
1.179166666666666785e+01 1.291666666666666963e+00 -1.501854556160601852e-13
1.179166666666666785e+01 1.500000000000000000e+00 -8.302493526824680927e-14
1.179166666666666785e+01 1.708333333333333481e+00 -7.131503439200491994e-11
1.179166666666666785e+01 1.916666666666666963e+00 -2.005012113528735047e-11
1.179166666666666785e+01 2.125000000000000000e+00 -1.444720541589384248e-14
1.179166666666666785e+01 2.333333333333333481e+00 -8.205219635767913993e-15
1.179166666666666785e+01 2.541666666666666963e+00 -4.708064133210666520e-15
1.179166666666666785e+01 2.750000000000000000e+00 -2.726162683168784855e-15
1.179166666666666785e+01 2.958333333333333481e+00 -1.591939036933386618e-15
1.179166666666666785e+01 3.166666666666666963e+00 -9.367916206892980677e-16
1.179166666666666785e+01 3.375000000000000000e+00 -5.552006881571064450e-16
1.179166666666666785e+01 3.583333333333333925e+00 -3.311927325624911102e-16
1.179166666666666785e+01 3.791666666666666963e+00 -1.987150948088804727e-16
1.179166666666666785e+01 4.000000000000000000e+00 -1.198391492500276902e-16
1.208333333333333393e+01 -1.000000000000000000e+00 -3.112589568255191020e-11
1.208333333333333393e+01 -7.916666666666666297e-01 -3.112452166421040967e-11
1.208333333333333393e+01 -5.833333333333332593e-01 -3.112660620063513800e-11
1.208333333333333393e+01 -3.750000000000000000e-01 -3.112484528183517869e-11
1.208333333333333393e+01 -1.666666666666666297e-01 -8.603346841331632956e-12
1.208333333333333393e+01 4.166666666666674068e-02 -5.736833175625683896e-12
1.208333333333333393e+01 2.500000000000000000e-01 -3.593546228399894488e-12
1.208333333333333393e+01 4.583333333333334814e-01 -2.116372740083293700e-12
1.208333333333333393e+01 6.666666666666667407e-01 -1.203609015097051868e-12
1.208333333333333393e+01 8.750000000000000000e-01 -6.741828365110342729e-13
1.208333333333333393e+01 1.083333333333333481e+00 -3.751414321008633763e-13
1.208333333333333393e+01 1.291666666666666963e+00 -2.086540289149827057e-13
1.208333333333333393e+01 1.500000000000000000e+00 -1.700878969973269127e-10
1.208333333333333393e+01 1.708333333333333481e+00 -5.317937235807204237e-12
1.208333333333333393e+01 1.916666666666666963e+00 -3.724399853151472536e-14
1.208333333333333393e+01 2.125000000000000000e+00 -2.136910412820175067e-14
1.208333333333333393e+01 2.333333333333333481e+00 -1.238163918774544650e-14
1.208333333333333393e+01 2.541666666666666963e+00 -7.236771816068828350e-15
1.208333333333333393e+01 2.750000000000000000e+00 -4.263124156413679546e-15
1.208333333333333393e+01 2.958333333333333481e+00 -2.529030889795580339e-15
1.208333333333333393e+01 3.166666666666666963e+00 -1.509744733274568610e-15
1.208333333333333393e+01 3.375000000000000000e+00 -9.064943598650819751e-16
1.208333333333333393e+01 3.583333333333333925e+00 -5.469273958300943397e-16
1.208333333333333393e+01 3.791666666666666963e+00 -3.313896564158193607e-16
1.208333333333333393e+01 4.000000000000000000e+00 -2.015248872061011444e-16
1.237500000000000000e+01 -1.000000000000000000e+00 -4.993860868342256286e-11
1.237500000000000000e+01 -7.916666666666666297e-01 -4.994808625909804781e-11
1.237500000000000000e+01 -5.833333333333332593e-01 -4.994090594226788276e-11
1.237500000000000000e+01 -3.750000000000000000e-01 -1.668353777409450071e-11
1.237500000000000000e+01 -1.666666666666666297e-01 -1.240245952394891776e-11
1.237500000000000000e+01 4.166666666666674068e-02 -8.155135093488143738e-12
1.237500000000000000e+01 2.500000000000000000e-01 -4.919570166901525279e-12
1.237500000000000000e+01 4.583333333333334814e-01 -2.822532193398039036e-12
1.237500000000000000e+01 6.666666666666667407e-01 -1.591404106260145091e-12
1.237500000000000000e+01 8.750000000000000000e-01 -8.899846778298422118e-13
1.237500000000000000e+01 1.083333333333333481e+00 -4.974349155695324934e-13
1.237500000000000000e+01 1.291666666666666963e+00 -2.424443016666007767e-10
1.237500000000000000e+01 1.500000000000000000e+00 -1.581657316413957298e-13
1.237500000000000000e+01 1.708333333333333481e+00 -9.036935655137055577e-14
1.237500000000000000e+01 1.916666666666666963e+00 -5.217625532351603863e-14
1.237500000000000000e+01 2.125000000000000000e+00 -3.040281504668895965e-14
1.237500000000000000e+01 2.333333333333333481e+00 -1.786112741206407001e-14
1.237500000000000000e+01 2.541666666666666963e+00 -1.056927445756236996e-14
1.237500000000000000e+01 2.750000000000000000e+00 -6.294808165275292498e-15
1.237500000000000000e+01 2.958333333333333481e+00 -3.770446141990366536e-15
1.237500000000000000e+01 3.166666666666666963e+00 -2.270154144317447235e-15
1.237500000000000000e+01 3.375000000000000000e+00 -1.372764317864951369e-15
1.237500000000000000e+01 3.583333333333333925e+00 -8.332575442189560194e-16
1.237500000000000000e+01 3.791666666666666963e+00 -5.074203039146828138e-16
1.237500000000000000e+01 4.000000000000000000e+00 -3.098485892953187412e-16
1.266666666666666785e+01 -1.000000000000000000e+00 -6.638316827600009566e-11
1.266666666666666785e+01 -7.916666666666666297e-01 -6.637683366409038246e-11
1.266666666666666785e+01 -5.833333333333332593e-01 -2.580538624461013962e-11
1.266666666666666785e+01 -3.750000000000000000e-01 -2.231477399552575879e-11
1.266666666666666785e+01 -1.666666666666666297e-01 -1.599615472582978065e-11
1.266666666666666785e+01 4.166666666666674068e-02 -1.008240730472655133e-11
1.266666666666666785e+01 2.500000000000000000e-01 -5.839958562082330403e-12
1.266666666666666785e+01 4.583333333333334814e-01 -3.309433697112099306e-12
1.266666666666666785e+01 6.666666666666667407e-01 -1.854053096350040842e-12
1.266666666666666785e+01 8.750000000000000000e-01 -1.546785740700937794e-09
1.266666666666666785e+01 1.083333333333333481e+00 -1.793423135447435231e-10
1.266666666666666785e+01 1.291666666666666963e+00 -3.292140434659729959e-13
1.266666666666666785e+01 1.500000000000000000e+00 -1.880740904726171540e-13
1.266666666666666785e+01 1.708333333333333481e+00 -1.085000003427886689e-13
1.266666666666666785e+01 1.916666666666666963e+00 -6.315847921295329966e-14
1.266666666666666785e+01 2.125000000000000000e+00 -3.706121831354329050e-14
1.266666666666666785e+01 2.333333333333333481e+00 -2.190299398445698901e-14
1.266666666666666785e+01 2.541666666666666963e+00 -1.302835538726197601e-14
1.266666666666666785e+01 2.750000000000000000e+00 -7.794277156557414787e-15
1.266666666666666785e+01 2.958333333333333481e+00 -4.686667970679878646e-15
1.266666666666666785e+01 3.166666666666666963e+00 -2.830590299214827075e-15
1.266666666666666785e+01 3.375000000000000000e+00 -1.716159877111122819e-15
1.266666666666666785e+01 3.583333333333333925e+00 -1.043943181919238805e-15
1.266666666666666785e+01 3.791666666666666963e+00 -6.368341637955885438e-16
1.266666666666666785e+01 4.000000000000000000e+00 -3.894257172336220656e-16
1.295833333333333393e+01 -1.000000000000000000e+00 -6.140851086964764235e-11
1.295833333333333393e+01 -7.916666666666666297e-01 -2.631031140246848426e-11
1.295833333333333393e+01 -5.833333333333332593e-01 -2.783360745731985283e-11
1.295833333333333393e+01 -3.750000000000000000e-01 -2.304291921415307045e-11
1.295833333333333393e+01 -1.666666666666666297e-01 -1.563835849972557916e-11
1.295833333333333393e+01 4.166666666666674068e-02 -9.107078892920873789e-12
1.295833333333333393e+01 2.500000000000000000e-01 -5.157378792432464350e-12
1.295833333333333393e+01 4.583333333333334814e-01 -2.870716126953224140e-12
1.295833333333333393e+01 6.666666666666667407e-01 -2.508353335306098595e-09
1.295833333333333393e+01 8.750000000000000000e-01 -8.823995617648719136e-13
1.295833333333333393e+01 1.083333333333333481e+00 -4.932981594055205372e-13
1.295833333333333393e+01 1.291666666666666963e+00 -2.786547235638412661e-13
1.295833333333333393e+01 1.500000000000000000e+00 -1.590188682569324661e-13
1.295833333333333393e+01 1.708333333333333481e+00 -9.162157804500761809e-14
1.295833333333333393e+01 1.916666666666666963e+00 -5.325933548839547880e-14
1.295833333333333393e+01 2.125000000000000000e+00 -3.121185443672386156e-14
1.295833333333333393e+01 2.333333333333333481e+00 -1.842764804001974433e-14
1.295833333333333393e+01 2.541666666666666963e+00 -1.095259298011131006e-14
1.295833333333333393e+01 2.750000000000000000e+00 -6.548384369684759471e-15
1.295833333333333393e+01 2.958333333333333481e+00 -3.935593941968139131e-15
1.295833333333333393e+01 3.166666666666666963e+00 -2.376065240962487654e-15
1.295833333333333393e+01 3.375000000000000000e+00 -1.440168505912608099e-15
1.295833333333333393e+01 3.583333333333333925e+00 -8.758530970700108112e-16
1.295833333333333393e+01 3.791666666666666963e+00 -5.341998595697690758e-16
1.295833333333333393e+01 4.000000000000000000e+00 -3.266182652275159033e-16
1.325000000000000000e+01 -1.000000000000000000e+00 -1.296961513610863156e-11
1.325000000000000000e+01 -7.916666666666666297e-01 -1.703218484440254413e-11
1.325000000000000000e+01 -5.833333333333332593e-01 -1.765277031853788805e-11
1.325000000000000000e+01 -3.750000000000000000e-01 -1.349469719131224061e-11
1.325000000000000000e+01 -1.666666666666666297e-01 -7.778452396495421146e-12
1.325000000000000000e+01 4.166666666666674068e-02 -4.343154992375720577e-12
1.325000000000000000e+01 2.500000000000000000e-01 -2.366693595854409012e-12
1.325000000000000000e+01 4.583333333333334814e-01 -2.514788895049888398e-09
1.325000000000000000e+01 6.666666666666667407e-01 -6.888616497185037312e-13
1.325000000000000000e+01 8.750000000000000000e-01 -3.746156821857331784e-13
1.325000000000000000e+01 1.083333333333333481e+00 -2.060888199356368955e-13
1.325000000000000000e+01 1.291666666666666963e+00 -1.147552706089094276e-13
1.325000000000000000e+01 1.500000000000000000e+00 -6.467477244409490391e-14
1.325000000000000000e+01 1.708333333333333481e+00 -3.686647520824137694e-14
1.325000000000000000e+01 1.916666666666666963e+00 -2.123997078163928624e-14
1.325000000000000000e+01 2.125000000000000000e+00 -1.235707737223456497e-14
1.325000000000000000e+01 2.333333333333333481e+00 -7.252852278414839125e-15
1.325000000000000000e+01 2.541666666666666963e+00 -4.290227137914509746e-15
1.325000000000000000e+01 2.750000000000000000e+00 -2.555210221012715492e-15
1.325000000000000000e+01 2.958333333333333481e+00 -1.531018407127351050e-15
1.325000000000000000e+01 3.166666666666666963e+00 -9.220597921833248811e-16
1.325000000000000000e+01 3.375000000000000000e+00 -5.578025049588273323e-16
1.325000000000000000e+01 3.583333333333333925e+00 -3.387038202968849065e-16
1.325000000000000000e+01 3.791666666666666963e+00 -2.063331045215637251e-16
1.325000000000000000e+01 4.000000000000000000e+00 -1.260333558407505103e-16
1.354166666666666785e+01 -1.000000000000000000e+00 -2.767410986933955201e-12
1.354166666666666785e+01 -7.916666666666666297e-01 -3.972803660282162664e-12
1.354166666666666785e+01 -5.833333333333332593e-01 -3.656570206651121969e-12
1.354166666666666785e+01 -3.750000000000000000e-01 -1.999348102767783964e-12
1.354166666666666785e+01 -1.666666666666666297e-01 -1.073833556971940775e-12
1.354166666666666785e+01 4.166666666666674068e-02 -1.147523499818268815e-08
1.354166666666666785e+01 2.500000000000000000e-01 -3.760284734586709743e-11
1.354166666666666785e+01 4.583333333333334814e-01 -1.478338446694400635e-13
1.354166666666666785e+01 6.666666666666667407e-01 -7.657830544448782589e-14
1.354166666666666785e+01 8.750000000000000000e-01 -4.027293630655133193e-14
1.354166666666666785e+01 1.083333333333333481e+00 -2.152620851461263720e-14
1.354166666666666785e+01 1.291666666666666963e+00 -1.170018606113364167e-14
1.354166666666666785e+01 1.500000000000000000e+00 -6.462502630907476313e-15
1.354166666666666785e+01 1.708333333333333481e+00 -3.624066051269569528e-15
1.354166666666666785e+01 1.916666666666666963e+00 -2.060141505249375212e-15
1.354166666666666785e+01 2.125000000000000000e+00 -1.185864797298098180e-15
1.354166666666666785e+01 2.333333333333333481e+00 -6.899132572813470922e-16
1.354166666666666785e+01 2.541666666666666963e+00 -4.053123666209150918e-16
1.354166666666666785e+01 2.750000000000000000e+00 -2.401426160135840720e-16
1.354166666666666785e+01 2.958333333333333481e+00 -1.432275585864413595e-16
1.354166666666666785e+01 3.166666666666666963e+00 -8.600776118769300479e-17
1.354166666666666785e+01 3.375000000000000000e+00 -5.187346505767797564e-17
1.354166666666666785e+01 3.583333333333333925e+00 -3.142456775790180080e-17
1.354166666666666785e+01 3.791666666666666963e+00 -1.911277396560011716e-17
1.354166666666666785e+01 4.000000000000000000e+00 -1.165952802411371570e-17
1.383333333333333393e+01 -1.000000000000000000e+00 -1.039633596878910393e-13
1.383333333333333393e+01 -7.916666666666666297e-01 -1.266079124428352859e-13
1.383333333333333393e+01 -5.833333333333332593e-01 -5.956817937980585350e-14
1.383333333333333393e+01 -3.750000000000000000e-01 -2.929534669208304288e-14
1.383333333333333393e+01 -1.666666666666666297e-01 -1.147215254475890580e-08
1.383333333333333393e+01 4.166666666666674068e-02 -6.854841845871045656e-15
1.383333333333333393e+01 2.500000000000000000e-01 -3.274108578596268292e-15
1.383333333333333393e+01 4.583333333333334814e-01 -1.587796980433665866e-15
1.383333333333333393e+01 6.666666666666667407e-01 -7.825697216824431596e-16
1.383333333333333393e+01 8.750000000000000000e-01 -3.966519088088648479e-16
1.383333333333333393e+01 1.083333333333333481e+00 -2.031879780540060669e-16
1.383333333333333393e+01 1.291666666666666963e+00 -1.079609274395743405e-16
1.383333333333333393e+01 1.500000000000000000e+00 -5.831787625940530932e-17
1.383333333333333393e+01 1.708333333333333481e+00 -3.200188151264724734e-17
1.383333333333333393e+01 1.916666666666666963e+00 -1.798354012138191847e-17
1.383333333333333393e+01 2.125000000000000000e+00 -1.020593925022062552e-17
1.383333333333333393e+01 2.333333333333333481e+00 -5.907425007657182357e-18
1.383333333333333393e+01 2.541666666666666963e+00 -3.441873002448406856e-18
1.383333333333333393e+01 2.750000000000000000e+00 -2.022529508325060281e-18
1.383333333333333393e+01 2.958333333333333481e+00 -1.201990786857682034e-18
1.383333333333333393e+01 3.166666666666666963e+00 -7.209397001851872988e-19
1.383333333333333393e+01 3.375000000000000000e+00 -4.337104798045642969e-19
1.383333333333333393e+01 3.583333333333333925e+00 -2.620558192656019375e-19
1.383333333333333393e+01 3.791666666666666963e+00 -1.599601611029026774e-19
1.383333333333333393e+01 4.000000000000000000e+00 -9.426169401611266257e-20
1.412500000000000000e+01 -1.000000000000000000e+00 -2.313145178182281467e-16
1.412500000000000000e+01 -7.916666666666666297e-01 -7.345554372520202499e-17
1.412500000000000000e+01 -5.833333333333332593e-01 -3.183911046080873754e-17
1.412500000000000000e+01 -3.750000000000000000e-01 -1.358394989297609384e-17
1.412500000000000000e+01 -1.666666666666666297e-01 -6.873000597211451925e-18
1.412500000000000000e+01 4.166666666666674068e-02 -2.799613406525025654e-18
1.412500000000000000e+01 2.500000000000000000e-01 -1.359982613326236503e-18
1.412500000000000000e+01 4.583333333333334814e-01 -6.489721251235448482e-19
1.412500000000000000e+01 6.666666666666667407e-01 3.903870055788945694e-19
1.412500000000000000e+01 8.750000000000000000e-01 -1.568477284920764254e-19
1.412500000000000000e+01 1.083333333333333481e+00 -5.613789998926052353e-20
1.412500000000000000e+01 1.291666666666666963e+00 -2.831927083893229228e-20
1.412500000000000000e+01 1.500000000000000000e+00 -2.170286921398380980e-20
1.412500000000000000e+01 1.708333333333333481e+00 -1.192977328825758412e-20
1.412500000000000000e+01 1.916666666666666963e+00 -1.056372688226746917e-20
1.412500000000000000e+01 2.125000000000000000e+00 1.691759214105218526e-21
1.412500000000000000e+01 2.333333333333333481e+00 -1.912790955539201548e-21
1.412500000000000000e+01 2.541666666666666963e+00 -1.131234207399354627e-21
1.412500000000000000e+01 2.750000000000000000e+00 -6.259843585726598323e-22
1.412500000000000000e+01 2.958333333333333481e+00 -1.898645675617377343e-21
1.412500000000000000e+01 3.166666666666666963e+00 -2.074875240160684860e-22
1.412500000000000000e+01 3.375000000000000000e+00 -1.795529151116812860e-21
1.412500000000000000e+01 3.583333333333333925e+00 -9.172514624444447632e-23
1.412500000000000000e+01 3.791666666666666963e+00 -3.503088173819913900e-23
1.412500000000000000e+01 4.000000000000000000e+00 -2.856547551252142426e-23
1.441666666666666785e+01 -1.000000000000000000e+00 -1.152933208544137851e-19
1.441666666666666785e+01 -7.916666666666666297e-01 -2.634549902761613620e-18
1.441666666666666785e+01 -5.833333333333332593e-01 4.186099560654753746e-20
1.441666666666666785e+01 -3.750000000000000000e-01 5.055833505258615946e-20
1.441666666666666785e+01 -1.666666666666666297e-01 1.604496857611390639e-19
1.441666666666666785e+01 4.166666666666674068e-02 4.032727248969908771e-19
1.441666666666666785e+01 2.500000000000000000e-01 2.367579842888931927e-18
1.441666666666666785e+01 4.583333333333334814e-01 6.627329153413286076e-18
1.441666666666666785e+01 6.666666666666667407e-01 4.147133127241749209e-19
1.441666666666666785e+01 8.750000000000000000e-01 -7.843753432171790505e-18
1.441666666666666785e+01 1.083333333333333481e+00 -2.067121153818993085e-18
1.441666666666666785e+01 1.291666666666666963e+00 2.478808158031943734e-18
1.441666666666666785e+01 1.500000000000000000e+00 -2.579037256146151211e-19
1.441666666666666785e+01 1.708333333333333481e+00 2.629437361325567386e-20
1.441666666666666785e+01 1.916666666666666963e+00 2.110955198594168157e-20
1.441666666666666785e+01 2.125000000000000000e+00 -2.924442080740957454e-20
1.441666666666666785e+01 2.333333333333333481e+00 4.012854430240795513e-22
1.441666666666666785e+01 2.541666666666666963e+00 4.516969021467396432e-21
1.441666666666666785e+01 2.750000000000000000e+00 1.248481022185055566e-21
1.441666666666666785e+01 2.958333333333333481e+00 -4.138015131178946800e-20
1.441666666666666785e+01 3.166666666666666963e+00 -2.504653400802954191e-20
1.441666666666666785e+01 3.375000000000000000e+00 -1.862766624769265493e-20
1.441666666666666785e+01 3.583333333333333925e+00 9.029006945281259392e-21
1.441666666666666785e+01 3.791666666666666963e+00 -1.268484914458215166e-20
1.441666666666666785e+01 4.000000000000000000e+00 -4.562192728380002268e-22
1.470833333333333393e+01 -1.000000000000000000e+00 -4.873748868804480911e-18
1.470833333333333393e+01 -7.916666666666666297e-01 -3.766873594871451022e-20
1.470833333333333393e+01 -5.833333333333332593e-01 -1.415836123476696527e-20
1.470833333333333393e+01 -3.750000000000000000e-01 2.734335756035571838e-19
1.470833333333333393e+01 -1.666666666666666297e-01 -1.105941094597998762e-17
1.470833333333333393e+01 4.166666666666674068e-02 -6.050172678429062904e-17
1.470833333333333393e+01 2.500000000000000000e-01 -1.875818309467036513e-17
1.470833333333333393e+01 4.583333333333334814e-01 6.350128431601417014e-17
1.470833333333333393e+01 6.666666666666667407e-01 9.878617005528273417e-19
1.470833333333333393e+01 8.750000000000000000e-01 3.046211622345089319e-17
1.470833333333333393e+01 1.083333333333333481e+00 2.265499712332512588e-17
1.470833333333333393e+01 1.291666666666666963e+00 -8.834110299536865143e-19
1.470833333333333393e+01 1.500000000000000000e+00 -6.283480881556558639e-20
1.470833333333333393e+01 1.708333333333333481e+00 7.121146129768287471e-20
1.470833333333333393e+01 1.916666666666666963e+00 7.973190844518155629e-20
1.470833333333333393e+01 2.125000000000000000e+00 -1.111357410619455038e-20
1.470833333333333393e+01 2.333333333333333481e+00 4.478095651804501486e-20
1.470833333333333393e+01 2.541666666666666963e+00 7.293604054491705651e-19
1.470833333333333393e+01 2.750000000000000000e+00 4.413413901050097531e-19
1.470833333333333393e+01 2.958333333333333481e+00 9.020564461002959671e-21
1.470833333333333393e+01 3.166666666666666963e+00 1.491374935366933662e-19
1.470833333333333393e+01 3.375000000000000000e+00 -3.313468988543737447e-21
1.470833333333333393e+01 3.583333333333333925e+00 4.764077545450533123e-20
1.470833333333333393e+01 3.791666666666666963e+00 2.339001301672761001e-21
1.470833333333333393e+01 4.000000000000000000e+00 4.358217696562539862e-22
1.500000000000000000e+01 -1.000000000000000000e+00 -2.742861905308715194e-20
1.500000000000000000e+01 -7.916666666666666297e-01 2.894546280411942151e-19
1.500000000000000000e+01 -5.833333333333332593e-01 1.677286577598702186e-19
1.500000000000000000e+01 -3.750000000000000000e-01 -3.822282427263807314e-19
1.500000000000000000e+01 -1.666666666666666297e-01 -5.934031587747593487e-19
1.500000000000000000e+01 4.166666666666674068e-02 -1.146743241366664639e-17
1.500000000000000000e+01 2.500000000000000000e-01 5.690486813234612795e-17
1.500000000000000000e+01 4.583333333333334814e-01 -5.405760761943129445e-17
1.500000000000000000e+01 6.666666666666667407e-01 -3.014682002831150968e-19
1.500000000000000000e+01 8.750000000000000000e-01 -1.654802321549220096e-17
1.500000000000000000e+01 1.083333333333333481e+00 4.544287763311853644e-18
1.500000000000000000e+01 1.291666666666666963e+00 3.061079977637773548e-18
1.500000000000000000e+01 1.500000000000000000e+00 -1.038030616539579707e-19
1.500000000000000000e+01 1.708333333333333481e+00 -5.751585005713785102e-19
1.500000000000000000e+01 1.916666666666666963e+00 2.161494154521320121e-19
1.500000000000000000e+01 2.125000000000000000e+00 2.126758963304726088e-21
1.500000000000000000e+01 2.333333333333333481e+00 -2.049036184141016512e-20
1.500000000000000000e+01 2.541666666666666963e+00 -9.182916152557663633e-21
1.500000000000000000e+01 2.750000000000000000e+00 2.903463295526979307e-19
1.500000000000000000e+01 2.958333333333333481e+00 -1.550215671614470859e-20
1.500000000000000000e+01 3.166666666666666963e+00 -1.506675478258539463e-20
1.500000000000000000e+01 3.375000000000000000e+00 4.532713488102842911e-21
1.500000000000000000e+01 3.583333333333333925e+00 -7.216319304521980395e-21
1.500000000000000000e+01 3.791666666666666963e+00 4.350318291801042846e-21
1.500000000000000000e+01 4.000000000000000000e+00 -3.211966727003728362e-22
