8.000000000000000000e+00 -1.000000000000000000e+00 -3.165259922875375219e-15
8.000000000000000000e+00 -7.916666666666666297e-01 -3.165918488861843570e-15
8.000000000000000000e+00 -5.833333333333332593e-01 -3.164374956163759633e-15
8.000000000000000000e+00 -3.750000000000000000e-01 -3.164855569825899114e-15
8.000000000000000000e+00 -1.666666666666666297e-01 -3.164564925993721962e-15
8.000000000000000000e+00 4.166666666666674068e-02 -3.164321298323492959e-15
8.000000000000000000e+00 2.500000000000000000e-01 -3.164573480266071178e-15
8.000000000000000000e+00 4.583333333333334814e-01 -3.164347407779831355e-15
8.000000000000000000e+00 6.666666666666667407e-01 -3.164105058480844561e-15
8.000000000000000000e+00 8.750000000000000000e-01 -3.164660701516157829e-15
8.000000000000000000e+00 1.083333333333333481e+00 -3.164362209552759654e-15
8.000000000000000000e+00 1.291666666666666963e+00 -3.164044971952263037e-15
8.000000000000000000e+00 1.500000000000000000e+00 -3.164722004801191189e-15
8.000000000000000000e+00 1.708333333333333481e+00 -3.165035828436539427e-15
8.000000000000000000e+00 1.916666666666666963e+00 -3.164223639957801568e-15
8.000000000000000000e+00 2.125000000000000000e+00 -3.164771620176257217e-15
8.000000000000000000e+00 2.333333333333333481e+00 -3.167046080484549898e-15
8.000000000000000000e+00 2.541666666666666963e+00 -4.456311627754878722e-16
8.000000000000000000e+00 2.750000000000000000e+00 -1.160271277429287874e-16
8.000000000000000000e+00 2.958333333333333481e+00 -1.600001313517192566e-17
8.000000000000000000e+00 3.166666666666666963e+00 -7.562929027636492005e-18
8.000000000000000000e+00 3.375000000000000000e+00 -5.389418156156863993e-18
8.000000000000000000e+00 3.583333333333333925e+00 -3.077987698359477955e-18
8.000000000000000000e+00 3.791666666666666963e+00 -1.685037600482725777e-18
8.000000000000000000e+00 4.000000000000000000e+00 -9.148696938176465894e-19
8.291666666666666075e+00 -1.000000000000000000e+00 -6.195097651962669817e-15
8.291666666666666075e+00 -7.916666666666666297e-01 -6.195588167200838007e-15
8.291666666666666075e+00 -5.833333333333332593e-01 -6.193260740191973883e-15
8.291666666666666075e+00 -3.750000000000000000e-01 -6.192997672934795951e-15
8.291666666666666075e+00 -1.666666666666666297e-01 -6.193569759112701308e-15
8.291666666666666075e+00 4.166666666666674068e-02 -6.193805149374813184e-15
8.291666666666666075e+00 2.500000000000000000e-01 -6.194271436059845779e-15
8.291666666666666075e+00 4.583333333333334814e-01 -6.194143143590848628e-15
8.291666666666666075e+00 6.666666666666667407e-01 -6.193750173200785851e-15
8.291666666666666075e+00 8.750000000000000000e-01 -6.194862567790113635e-15
8.291666666666666075e+00 1.083333333333333481e+00 -6.194357103717068083e-15
8.291666666666666075e+00 1.291666666666666963e+00 -6.194393366807591389e-15
8.291666666666666075e+00 1.500000000000000000e+00 -6.194555287899441182e-15
8.291666666666666075e+00 1.708333333333333481e+00 -6.193967064365832039e-15
8.291666666666666075e+00 1.916666666666666963e+00 -6.193887790624725533e-15
8.291666666666666075e+00 2.125000000000000000e+00 -6.193895687688890688e-15
8.291666666666666075e+00 2.333333333333333481e+00 -9.176798481270276506e-16
8.291666666666666075e+00 2.541666666666666963e+00 -2.526749715880140927e-16
8.291666666666666075e+00 2.750000000000000000e+00 -3.872179299065543592e-17
8.291666666666666075e+00 2.958333333333333481e+00 -1.923555248485368459e-17
8.291666666666666075e+00 3.166666666666666963e+00 -1.343465271237513372e-17
8.291666666666666075e+00 3.375000000000000000e+00 -7.656790654427184296e-18
8.291666666666666075e+00 3.583333333333333925e+00 -4.194001137311899881e-18
8.291666666666666075e+00 3.791666666666666963e+00 -2.279203880202003811e-18
8.291666666666666075e+00 4.000000000000000000e+00 -1.236717189018854530e-18
8.583333333333333925e+00 -1.000000000000000000e+00 -1.212622267875325697e-14
8.583333333333333925e+00 -7.916666666666666297e-01 -1.212451427543488510e-14
8.583333333333333925e+00 -5.833333333333332593e-01 -1.212351167197711435e-14
8.583333333333333925e+00 -3.750000000000000000e-01 -1.212091525793466967e-14
8.583333333333333925e+00 -1.666666666666666297e-01 -1.212255474526378056e-14
8.583333333333333925e+00 4.166666666666674068e-02 -1.212286103117029147e-14
8.583333333333333925e+00 2.500000000000000000e-01 -1.212342453280872196e-14
8.583333333333333925e+00 4.583333333333334814e-01 -1.212291442206022740e-14
8.583333333333333925e+00 6.666666666666667407e-01 -1.212263797033277907e-14
8.583333333333333925e+00 8.750000000000000000e-01 -1.212200300390057206e-14
8.583333333333333925e+00 1.083333333333333481e+00 -1.212380686970981974e-14
8.583333333333333925e+00 1.291666666666666963e+00 -1.212224482078257630e-14
8.583333333333333925e+00 1.500000000000000000e+00 -1.212341941309643307e-14
8.583333333333333925e+00 1.708333333333333481e+00 -1.212268080766066124e-14
8.583333333333333925e+00 1.916666666666666963e+00 -1.212195948501698847e-14
8.583333333333333925e+00 2.125000000000000000e+00 -1.863132870663904786e-15
8.583333333333333925e+00 2.333333333333333481e+00 -5.497388848514283418e-16
8.583333333333333925e+00 2.541666666666666963e+00 -9.414880916628136127e-17
8.583333333333333925e+00 2.750000000000000000e+00 -4.901742709395519190e-17
8.583333333333333925e+00 2.958333333333333481e+00 -3.356358401689042178e-17
8.583333333333333925e+00 3.166666666666666963e+00 -1.908737250875204906e-17
8.583333333333333925e+00 3.375000000000000000e+00 -1.045916747397918755e-17
8.583333333333333925e+00 3.583333333333333925e+00 -5.688344729475467151e-18
8.583333333333333925e+00 3.791666666666666963e+00 -3.088718483643906867e-18
8.583333333333333925e+00 4.000000000000000000e+00 -1.675706530346582093e-18
8.875000000000000000e+00 -1.000000000000000000e+00 -2.373076358703641684e-14
8.875000000000000000e+00 -7.916666666666666297e-01 -2.372675914918773040e-14
8.875000000000000000e+00 -5.833333333333332593e-01 -2.373006985452755859e-14
8.875000000000000000e+00 -3.750000000000000000e-01 -2.372640546597819989e-14
8.875000000000000000e+00 -1.666666666666666297e-01 -2.372535083465090884e-14
8.875000000000000000e+00 4.166666666666674068e-02 -2.373109778560942404e-14
8.875000000000000000e+00 2.500000000000000000e-01 -2.372299510493381617e-14
8.875000000000000000e+00 4.583333333333334814e-01 -2.372547390912552819e-14
8.875000000000000000e+00 6.666666666666667407e-01 -2.372811677027001140e-14
8.875000000000000000e+00 8.750000000000000000e-01 -2.372703076941159809e-14
8.875000000000000000e+00 1.083333333333333481e+00 -2.372833039312907307e-14
8.875000000000000000e+00 1.291666666666666963e+00 -2.372799016947614035e-14
8.875000000000000000e+00 1.500000000000000000e+00 -2.372639344912210622e-14
8.875000000000000000e+00 1.708333333333333481e+00 -2.372870931604285824e-14
8.875000000000000000e+00 1.916666666666666963e+00 -3.738921515433821575e-15
8.875000000000000000e+00 2.125000000000000000e+00 -1.195884914468906220e-15
8.875000000000000000e+00 2.333333333333333481e+00 -2.303866073951915476e-16
8.875000000000000000e+00 2.541666666666666963e+00 -1.251096618433200485e-16
8.875000000000000000e+00 2.750000000000000000e+00 -8.400633598846389274e-17
8.875000000000000000e+00 2.958333333333333481e+00 -4.766897607986178254e-17
8.875000000000000000e+00 3.166666666666666963e+00 -2.612826897200811007e-17
8.875000000000000000e+00 3.375000000000000000e+00 -1.421949594981843711e-17
8.875000000000000000e+00 3.583333333333333925e+00 -7.725420183701518216e-18
8.875000000000000000e+00 3.791666666666666963e+00 -4.192014241611141519e-18
8.875000000000000000e+00 4.000000000000000000e+00 -2.268929852936614517e-18
9.166666666666666075e+00 -1.000000000000000000e+00 -4.644657697379147025e-14
9.166666666666666075e+00 -7.916666666666666297e-01 -4.644015993134485961e-14
9.166666666666666075e+00 -5.833333333333332593e-01 -4.644124417066642073e-14
9.166666666666666075e+00 -3.750000000000000000e-01 -4.643583431015143236e-14
9.166666666666666075e+00 -1.666666666666666297e-01 -4.643986578125704451e-14
9.166666666666666075e+00 4.166666666666674068e-02 -4.644235514903130017e-14
9.166666666666666075e+00 2.500000000000000000e-01 -4.643559588561184268e-14
9.166666666666666075e+00 4.583333333333334814e-01 -4.643786029103326969e-14
9.166666666666666075e+00 6.666666666666667407e-01 -4.643589371412588593e-14
9.166666666666666075e+00 8.750000000000000000e-01 -4.643876670651142836e-14
9.166666666666666075e+00 1.083333333333333481e+00 -4.643934515865935302e-14
9.166666666666666075e+00 1.291666666666666963e+00 -4.643722349549954244e-14
9.166666666666666075e+00 1.500000000000000000e+00 -4.643615363599769877e-14
9.166666666666666075e+00 1.708333333333333481e+00 -7.544828411491240826e-15
9.166666666666666075e+00 1.916666666666666963e+00 -2.605005716977688966e-15
9.166666666666666075e+00 2.125000000000000000e+00 -5.683581726465206220e-16
9.166666666666666075e+00 2.333333333333333481e+00 -3.197719118814891879e-16
9.166666666666666075e+00 2.541666666666666963e+00 -2.105966776397518045e-16
9.166666666666666075e+00 2.750000000000000000e+00 -1.192423446835142190e-16
9.166666666666666075e+00 2.958333333333333481e+00 -6.537415573675039967e-17
9.166666666666666075e+00 3.166666666666666963e+00 -3.559862678041602968e-17
9.166666666666666075e+00 3.375000000000000000e+00 -1.934932833163962765e-17
9.166666666666666075e+00 3.583333333333333925e+00 -1.049915238351459974e-17
9.166666666666666075e+00 3.791666666666666963e+00 -5.678254217518356067e-18
9.166666666666666075e+00 4.000000000000000000e+00 -1.095331576214650417e-14
9.458333333333333925e+00 -1.000000000000000000e+00 -9.088778373070956896e-14
9.458333333333333925e+00 -7.916666666666666297e-01 -9.086829826762082128e-14
9.458333333333333925e+00 -5.833333333333332593e-01 -9.086719617494090738e-14
9.458333333333333925e+00 -3.750000000000000000e-01 -9.087427416476337786e-14
9.458333333333333925e+00 -1.666666666666666297e-01 -9.087741841199763814e-14
9.458333333333333925e+00 4.166666666666674068e-02 -9.087089101411388827e-14
9.458333333333333925e+00 2.500000000000000000e-01 -9.087045480508521393e-14
9.458333333333333925e+00 4.583333333333334814e-01 -9.087773824287109097e-14
9.458333333333333925e+00 6.666666666666667407e-01 -9.086297200790146929e-14
9.458333333333333925e+00 8.750000000000000000e-01 -9.087453817658174148e-14
9.458333333333333925e+00 1.083333333333333481e+00 -9.087773010004571768e-14
9.458333333333333925e+00 1.291666666666666963e+00 -9.086170814940531936e-14
9.458333333333333925e+00 1.500000000000000000e+00 -1.601527895658739914e-14
9.458333333333333925e+00 1.708333333333333481e+00 -5.689235623847925571e-15
9.458333333333333925e+00 1.916666666666666963e+00 -1.415157721331097583e-15
9.458333333333333925e+00 2.125000000000000000e+00 -8.183629461185264809e-16
9.458333333333333925e+00 2.333333333333333481e+00 -5.287170003535619243e-16
9.458333333333333925e+00 2.541666666666666963e+00 -2.987339794605154292e-16
9.458333333333333925e+00 2.750000000000000000e+00 -1.638174635794265595e-16
9.458333333333333925e+00 2.958333333333333481e+00 -8.925378182912769421e-17
9.458333333333333925e+00 3.166666666666666963e+00 -4.853032615830038598e-17
9.458333333333333925e+00 3.375000000000000000e+00 -2.632709174031510044e-17
9.458333333333333925e+00 3.583333333333333925e+00 -1.422713427383848081e-17
9.458333333333333925e+00 3.791666666666666963e+00 -6.163591149173904410e-18
9.458333333333333925e+00 4.000000000000000000e+00 -3.936929299961408608e-18
9.750000000000000000e+00 -1.000000000000000000e+00 -1.777980213151404464e-13
9.750000000000000000e+00 -7.916666666666666297e-01 -1.777789361769577230e-13
9.750000000000000000e+00 -5.833333333333332593e-01 -1.777673685880610729e-13
9.750000000000000000e+00 -3.750000000000000000e-01 -1.777489728441101565e-13
9.750000000000000000e+00 -1.666666666666666297e-01 -1.777720824316900320e-13
9.750000000000000000e+00 4.166666666666674068e-02 -1.777814241780708438e-13
9.750000000000000000e+00 2.500000000000000000e-01 -1.777781171408763256e-13
9.750000000000000000e+00 4.583333333333334814e-01 -1.777745735581973578e-13
9.750000000000000000e+00 6.666666666666667407e-01 -1.777887038125638962e-13
9.750000000000000000e+00 8.750000000000000000e-01 -1.778034031489113765e-13
9.750000000000000000e+00 1.083333333333333481e+00 -1.777824425779269237e-13
9.750000000000000000e+00 1.291666666666666963e+00 -3.810236852899518466e-14
9.750000000000000000e+00 1.500000000000000000e+00 -1.248057676579093911e-14
9.750000000000000000e+00 1.708333333333333481e+00 -3.557575462201854897e-15
9.750000000000000000e+00 1.916666666666666963e+00 -2.096841216057818443e-15
9.750000000000000000e+00 2.125000000000000000e+00 -1.329218378074974906e-15
9.750000000000000000e+00 2.333333333333333481e+00 -7.495324664526214114e-16
9.750000000000000000e+00 2.541666666666666963e+00 -4.111393926793210724e-16
9.750000000000000000e+00 2.750000000000000000e+00 -2.241304479605700041e-16
9.750000000000000000e+00 2.958333333333333481e+00 -1.219022022113808822e-16
9.750000000000000000e+00 3.166666666666666963e+00 -6.610687313083000190e-17
9.750000000000000000e+00 3.375000000000000000e+00 -3.570946878221116484e-17
9.750000000000000000e+00 3.583333333333333925e+00 -1.656128932154816579e-17
9.750000000000000000e+00 3.791666666666666963e+00 -1.041384813553903514e-17
9.750000000000000000e+00 4.000000000000000000e+00 -5.647521864273447763e-18
1.004166666666666785e+01 -1.000000000000000000e+00 -3.476570686710605740e-13
1.004166666666666785e+01 -7.916666666666666297e-01 -3.476574309932953580e-13
1.004166666666666785e+01 -5.833333333333332593e-01 -3.476281276701001242e-13
1.004166666666666785e+01 -3.750000000000000000e-01 -3.476079414283917410e-13
1.004166666666666785e+01 -1.666666666666666297e-01 -3.476464188074606188e-13
1.004166666666666785e+01 4.166666666666674068e-02 -3.476346436877455802e-13
1.004166666666666785e+01 2.500000000000000000e-01 -3.476824627718242484e-13
1.004166666666666785e+01 4.583333333333334814e-01 -3.476713099042552585e-13
1.004166666666666785e+01 6.666666666666667407e-01 -3.476419505505957160e-13
1.004166666666666785e+01 8.750000000000000000e-01 -3.476558071121122391e-13
1.004166666666666785e+01 1.083333333333333481e+00 -1.033613785592254573e-13
1.004166666666666785e+01 1.291666666666666963e+00 -2.757905759007298398e-14
1.004166666666666785e+01 1.500000000000000000e+00 -9.025925209952277458e-15
1.004166666666666785e+01 1.708333333333333481e+00 -5.377800802874481140e-15
1.004166666666666785e+01 1.916666666666666963e+00 -3.346343978317581293e-15
1.004166666666666785e+01 2.125000000000000000e+00 -1.883539447039849876e-15
1.004166666666666785e+01 2.333333333333333481e+00 -1.033595675968032577e-15
1.004166666666666785e+01 2.541666666666666963e+00 -5.638162107276125130e-16
1.004166666666666785e+01 2.750000000000000000e+00 -3.067359487974985678e-16
1.004166666666666785e+01 2.958333333333333481e+00 -1.662945144564807152e-16
1.004166666666666785e+01 3.166666666666666963e+00 -2.667015848504461094e-13
1.004166666666666785e+01 3.375000000000000000e+00 -4.477218025097418669e-17
1.004166666666666785e+01 3.583333333333333925e+00 -2.635886600618687935e-17
1.004166666666666785e+01 3.791666666666666963e+00 -1.434477331536305987e-17
1.004166666666666785e+01 4.000000000000000000e+00 -7.837977015236843637e-18
1.033333333333333393e+01 -1.000000000000000000e+00 -6.792493099877785318e-13
1.033333333333333393e+01 -7.916666666666666297e-01 -6.793382400879856074e-13
1.033333333333333393e+01 -5.833333333333332593e-01 -6.792970149925818872e-13
1.033333333333333393e+01 -3.750000000000000000e-01 -6.793253696613099362e-13
1.033333333333333393e+01 -1.666666666666666297e-01 -6.792877699656964520e-13
1.033333333333333393e+01 4.166666666666674068e-02 -6.793164583841345141e-13
1.033333333333333393e+01 2.500000000000000000e-01 -6.792147619269806407e-13
1.033333333333333393e+01 4.583333333333334814e-01 -6.793478695818336143e-13
1.033333333333333393e+01 6.666666666666667407e-01 -6.792976757481923505e-13
1.033333333333333393e+01 8.750000000000000000e-01 -2.973178885319429346e-13
1.033333333333333393e+01 1.083333333333333481e+00 -6.155047538979813195e-14
1.033333333333333393e+01 1.291666666666666963e+00 -2.304630902229595338e-14
1.033333333333333393e+01 1.500000000000000000e+00 -1.380373553107758061e-14
1.033333333333333393e+01 1.708333333333333481e+00 -8.436534209849459186e-15
1.033333333333333393e+01 1.916666666666666963e+00 -4.741302083200364882e-15
1.033333333333333393e+01 2.125000000000000000e+00 -2.603442322660763476e-15
1.033333333333333393e+01 2.333333333333333481e+00 -1.421264624564453427e-15
1.033333333333333393e+01 2.541666666666666963e+00 -7.734901549909569363e-16
1.033333333333333393e+01 2.750000000000000000e+00 -4.194148889720937326e-16
1.033333333333333393e+01 2.958333333333333481e+00 -2.431152643979334280e-16
1.033333333333333393e+01 3.166666666666666963e+00 -1.214044186418233598e-16
1.033333333333333393e+01 3.375000000000000000e+00 -6.711425284363845348e-17
1.033333333333333393e+01 3.583333333333333925e+00 -3.669645857365034811e-17
1.033333333333333393e+01 3.791666666666666963e+00 -2.017794656272375494e-17
1.033333333333333393e+01 4.000000000000000000e+00 -1.116580678562753047e-17
1.062500000000000000e+01 -1.000000000000000000e+00 -1.324905578423319606e-12
1.062500000000000000e+01 -7.916666666666666297e-01 -1.324835792001163109e-12
1.062500000000000000e+01 -5.833333333333332593e-01 -1.324633647495361999e-12
1.062500000000000000e+01 -3.750000000000000000e-01 -1.324885299725862061e-12
1.062500000000000000e+01 -1.666666666666666297e-01 -1.324830132363182344e-12
1.062500000000000000e+01 4.166666666666674068e-02 -1.324688551236946475e-12
1.062500000000000000e+01 2.500000000000000000e-01 -1.324840947824815266e-12
1.062500000000000000e+01 4.583333333333334814e-01 -1.324824470423198121e-12
1.062500000000000000e+01 6.666666666666667407e-01 -8.217033968348864502e-13
1.062500000000000000e+01 8.750000000000000000e-01 -1.391343921531903515e-13
1.062500000000000000e+01 1.083333333333333481e+00 -5.908382797643593377e-14
1.062500000000000000e+01 1.291666666666666963e+00 -3.544128564824009438e-14
1.062500000000000000e+01 1.500000000000000000e+00 -2.130033116641162018e-14
1.062500000000000000e+01 1.708333333333333481e+00 -1.195730540644877488e-14
1.062500000000000000e+01 1.916666666666666963e+00 -6.572205646368989561e-15
1.062500000000000000e+01 2.125000000000000000e+00 -3.591644928581290481e-15
1.062500000000000000e+01 2.333333333333333481e+00 -1.955922392941271043e-15
1.062500000000000000e+01 2.541666666666666963e+00 -1.687919744035755959e-12
1.062500000000000000e+01 2.750000000000000000e+00 -5.459138167619585328e-16
1.062500000000000000e+01 2.958333333333333481e+00 -3.144237283250091336e-16
1.062500000000000000e+01 3.166666666666666963e+00 -1.722003678490810830e-16
1.062500000000000000e+01 3.375000000000000000e+00 -9.477015509279429391e-17
1.062500000000000000e+01 3.583333333333333925e+00 -5.252665381737457475e-17
1.062500000000000000e+01 3.791666666666666963e+00 -2.931500028546322378e-17
1.062500000000000000e+01 4.000000000000000000e+00 -1.646882169288051965e-17
1.091666666666666785e+01 -1.000000000000000000e+00 -2.575406042095206774e-12
1.091666666666666785e+01 -7.916666666666666297e-01 -2.574991929648375801e-12
1.091666666666666785e+01 -5.833333333333332593e-01 -2.575087263725285235e-12
1.091666666666666785e+01 -3.750000000000000000e-01 -2.575031291327470233e-12
1.091666666666666785e+01 -1.666666666666666297e-01 -2.575373078123994924e-12
1.091666666666666785e+01 4.166666666666674068e-02 -2.575268973330118239e-12
1.091666666666666785e+01 2.500000000000000000e-01 -2.575288424604070813e-12
1.091666666666666785e+01 4.583333333333334814e-01 -2.044481484641987423e-12
1.091666666666666785e+01 6.666666666666667407e-01 -3.190930268292531629e-13
1.091666666666666785e+01 8.750000000000000000e-01 -1.515273699826025681e-13
1.091666666666666785e+01 1.083333333333333481e+00 -9.092156792106766405e-14
1.091666666666666785e+01 1.291666666666666963e+00 -5.384787621801734598e-14
1.091666666666666785e+01 1.500000000000000000e+00 -3.021421320133043932e-14
1.091666666666666785e+01 1.708333333333333481e+00 -1.663219627271319384e-14
1.091666666666666785e+01 1.916666666666666963e+00 -9.102757292510083734e-15
1.091666666666666785e+01 2.125000000000000000e+00 -4.963628678788214195e-15
1.091666666666666785e+01 2.333333333333333481e+00 -5.395663757445031628e-12
1.091666666666666785e+01 2.541666666666666963e+00 -1.854139381329748811e-15
1.091666666666666785e+01 2.750000000000000000e+00 -8.090770723014427824e-16
1.091666666666666785e+01 2.958333333333333481e+00 -4.461118437299298292e-16
1.091666666666666785e+01 3.166666666666666963e+00 -2.476270657275403100e-16
1.091666666666666785e+01 3.375000000000000000e+00 -1.385683137581346196e-16
1.091666666666666785e+01 3.583333333333333925e+00 -7.812857749853272780e-17
1.091666666666666785e+01 3.791666666666666963e+00 -4.437961982657945656e-17
1.091666666666666785e+01 4.000000000000000000e+00 -2.539618019129166462e-17
1.120833333333333393e+01 -1.000000000000000000e+00 -4.973271403090206084e-12
1.120833333333333393e+01 -7.916666666666666297e-01 -4.971754394492995605e-12
1.120833333333333393e+01 -5.833333333333332593e-01 -4.972238245691576894e-12
1.120833333333333393e+01 -3.750000000000000000e-01 -4.972531675254614286e-12
1.120833333333333393e+01 -1.666666666666666297e-01 -4.972890445679674117e-12
1.120833333333333393e+01 4.166666666666674068e-02 -4.972555072676280783e-12
1.120833333333333393e+01 2.500000000000000000e-01 -4.548564949297116388e-12
1.120833333333333393e+01 4.583333333333334814e-01 -7.406102622810697294e-13
1.120833333333333393e+01 6.666666666666667407e-01 -3.871328674983672641e-13
1.120833333333333393e+01 8.750000000000000000e-01 -2.325531710800601624e-13
1.120833333333333393e+01 1.083333333333333481e+00 -1.362054020498929805e-13
1.120833333333333393e+01 1.291666666666666963e+00 -7.646417342678331353e-14
1.120833333333333393e+01 1.500000000000000000e+00 -4.218842027613905132e-14
1.120833333333333393e+01 1.708333333333333481e+00 -2.313914621151441139e-14
1.120833333333333393e+01 1.916666666666666963e+00 -1.264931198430877964e-14
1.120833333333333393e+01 2.125000000000000000e+00 -5.697578504934393256e-12
1.120833333333333393e+01 2.333333333333333481e+00 -3.801016931909183951e-15
1.120833333333333393e+01 2.541666666666666963e+00 -2.101064478348841401e-15
1.120833333333333393e+01 2.750000000000000000e+00 -1.168517646342315001e-15
1.120833333333333393e+01 2.958333333333333481e+00 -6.553951729148792474e-16
1.120833333333333393e+01 3.166666666666666963e+00 -3.708170816144674068e-16
1.120833333333333393e+01 3.375000000000000000e+00 -2.115248901437506377e-16
1.120833333333333393e+01 3.583333333333333925e+00 -1.216303340076232662e-16
1.120833333333333393e+01 3.791666666666666963e+00 -7.048473485226839016e-17
1.120833333333333393e+01 4.000000000000000000e+00 -4.116090799167489225e-17
1.150000000000000000e+01 -1.000000000000000000e+00 -9.477642774684984318e-12
1.150000000000000000e+01 -7.916666666666666297e-01 -9.478204506375626964e-12
1.150000000000000000e+01 -5.833333333333332593e-01 -9.476561727148715487e-12
1.150000000000000000e+01 -3.750000000000000000e-01 -9.476838545719824812e-12
1.150000000000000000e+01 -1.666666666666666297e-01 -9.477221064932950317e-12
1.150000000000000000e+01 4.166666666666674068e-02 -9.272585618349559633e-12
1.150000000000000000e+01 2.500000000000000000e-01 -1.724708117495848741e-12
1.150000000000000000e+01 4.583333333333334814e-01 -9.791233296356743132e-13
1.150000000000000000e+01 6.666666666666667407e-01 -5.908762353548310287e-13
1.150000000000000000e+01 8.750000000000000000e-01 -3.439530737931712254e-13
1.150000000000000000e+01 1.083333333333333481e+00 -1.934676763519041824e-13
1.150000000000000000e+01 1.291666666666666963e+00 -1.071009450576872960e-13
1.150000000000000000e+01 1.500000000000000000e+00 -5.892529255019675276e-14
1.150000000000000000e+01 1.708333333333333481e+00 -4.750428096450654606e-11
1.150000000000000000e+01 1.916666666666666963e+00 -3.093070105808991289e-12
1.150000000000000000e+01 2.125000000000000000e+00 -9.864143003969007348e-15
1.150000000000000000e+01 2.333333333333333481e+00 -5.500534102466762051e-15
1.150000000000000000e+01 2.541666666666666963e+00 -3.091141470264419180e-15
1.150000000000000000e+01 2.750000000000000000e+00 -1.753970439174290515e-15
1.150000000000000000e+01 2.958333333333333481e+00 -1.004210985888364489e-15
1.150000000000000000e+01 3.166666666666666963e+00 -5.798741121261846943e-16
1.150000000000000000e+01 3.375000000000000000e+00 -3.375574020533734620e-16
1.150000000000000000e+01 3.583333333333333925e+00 -1.980050867562709453e-16
1.150000000000000000e+01 3.791666666666666963e+00 -1.169973031060507184e-16
1.150000000000000000e+01 4.000000000000000000e+00 -6.959778085589547467e-17
1.179166666666666785e+01 -1.000000000000000000e+00 -1.760801396525069348e-11
1.179166666666666785e+01 -7.916666666666666297e-01 -1.760577473091408038e-11
1.179166666666666785e+01 -5.833333333333332593e-01 -1.760763832178283017e-11
1.179166666666666785e+01 -3.750000000000000000e-01 -1.760626517234041834e-11
1.179166666666666785e+01 -1.666666666666666297e-01 -1.754482575706564476e-11
1.179166666666666785e+01 4.166666666666674068e-02 -3.953977020255820283e-12
1.179166666666666785e+01 2.500000000000000000e-01 -2.423319752866814612e-12
1.179166666666666785e+01 4.583333333333334814e-01 -1.479749989256994451e-12
1.179166666666666785e+01 6.666666666666667407e-01 -8.621055086453541818e-13
1.179166666666666785e+01 8.750000000000000000e-01 -4.868287055332586187e-13
1.179166666666666785e+01 1.083333333333333481e+00 -2.707449875760812968e-13
1.179166666666666785e+01 1.291666666666666963e+00 -1.496050471867336201e-13
1.179166666666666785e+01 1.500000000000000000e+00 -8.871332030634066620e-11
1.179166666666666785e+01 1.708333333333333481e+00 -2.290006626699006283e-12
1.179166666666666785e+01 1.916666666666666963e+00 -2.562134382570672079e-14
1.179166666666666785e+01 2.125000000000000000e+00 -1.442515733463859440e-14
1.179166666666666785e+01 2.333333333333333481e+00 -8.197873148569494084e-15
1.179166666666666785e+01 2.541666666666666963e+00 -4.705498066166872790e-15
1.179166666666666785e+01 2.750000000000000000e+00 -2.725248632515698045e-15
1.179166666666666785e+01 2.958333333333333481e+00 -1.591609195342927094e-15
1.179166666666666785e+01 3.166666666666666963e+00 -9.366720907800575248e-16
1.179166666666666785e+01 3.375000000000000000e+00 -5.551568673404508154e-16
1.179166666666666785e+01 3.583333333333333925e+00 -3.311765357878726322e-16
1.179166666666666785e+01 3.791666666666666963e+00 -1.987090914074556698e-16
1.179166666666666785e+01 4.000000000000000000e+00 -1.198369002220768008e-16
1.208333333333333393e+01 -1.000000000000000000e+00 -3.112589562232810159e-11
1.208333333333333393e+01 -7.916666666666666297e-01 -3.112452153134736075e-11
1.208333333333333393e+01 -5.833333333333332593e-01 -3.112660672903169619e-11
1.208333333333333393e+01 -3.750000000000000000e-01 -3.112484168852548449e-11
1.208333333333333393e+01 -1.666666666666666297e-01 -8.602856397251704431e-12
1.208333333333333393e+01 4.166666666666674068e-02 -5.735869467712514947e-12
1.208333333333333393e+01 2.500000000000000000e-01 -3.592266391215244093e-12
1.208333333333333393e+01 4.583333333333334814e-01 -2.114791894987596897e-12
1.208333333333333393e+01 6.666666666666667407e-01 -1.201788673142694287e-12
1.208333333333333393e+01 8.750000000000000000e-01 -6.722549118027689332e-13
1.208333333333333393e+01 1.083333333333333481e+00 -3.734702755184662261e-13
1.208333333333333393e+01 1.291666666666666963e+00 -1.274842689079422532e-10
1.208333333333333393e+01 1.500000000000000000e+00 -1.161573628033959031e-13
1.208333333333333393e+01 1.708333333333333481e+00 -6.546619176567194954e-14
1.208333333333333393e+01 1.916666666666666963e+00 -3.719819391509921619e-14
1.208333333333333393e+01 2.125000000000000000e+00 -2.135346561132916225e-14
1.208333333333333393e+01 2.333333333333333481e+00 -1.237608448770662014e-14
1.208333333333333393e+01 2.541666666666666963e+00 -7.234781379560342713e-15
1.208333333333333393e+01 2.750000000000000000e+00 -4.262400666667510627e-15
1.208333333333333393e+01 2.958333333333333481e+00 -2.528765109045405692e-15
1.208333333333333393e+01 3.166666666666666963e+00 -1.509648567251036730e-15
1.208333333333333393e+01 3.375000000000000000e+00 -9.064578215633619184e-16
1.208333333333333393e+01 3.583333333333333925e+00 -5.469129158909093464e-16
1.208333333333333393e+01 3.791666666666666963e+00 -3.313845025823997763e-16
1.208333333333333393e+01 4.000000000000000000e+00 -2.015227858516335358e-16
1.237500000000000000e+01 -1.000000000000000000e+00 -4.993863210340361521e-11
1.237500000000000000e+01 -7.916666666666666297e-01 -4.994808042289364798e-11
1.237500000000000000e+01 -5.833333333333332593e-01 -4.994090431260835808e-11
1.237500000000000000e+01 -3.750000000000000000e-01 -1.668251767886071784e-11
1.237500000000000000e+01 -1.666666666666666297e-01 -1.239981302521801054e-11
1.237500000000000000e+01 4.166666666666674068e-02 -8.151351433084266763e-12
1.237500000000000000e+01 2.500000000000000000e-01 -4.914700326422837730e-12
1.237500000000000000e+01 4.583333333333334814e-01 -2.816964545144870610e-12
1.237500000000000000e+01 6.666666666666667407e-01 -1.585794604429488850e-12
1.237500000000000000e+01 8.750000000000000000e-01 -8.185026922333467144e-10
1.237500000000000000e+01 1.083333333333333481e+00 -9.681759930458077291e-11
1.237500000000000000e+01 1.291666666666666963e+00 -2.786510664833280605e-13
1.237500000000000000e+01 1.500000000000000000e+00 -1.578966621699253306e-13
1.237500000000000000e+01 1.708333333333333481e+00 -9.027953497940835414e-14
1.237500000000000000e+01 1.916666666666666963e+00 -5.214485998684357489e-14
1.237500000000000000e+01 2.125000000000000000e+00 -3.039156138326083870e-14
1.237500000000000000e+01 2.333333333333333481e+00 -1.785705920259846528e-14
1.237500000000000000e+01 2.541666666666666963e+00 -1.056778766425425125e-14
1.237500000000000000e+01 2.750000000000000000e+00 -6.294262364622594955e-15
1.237500000000000000e+01 2.958333333333333481e+00 -3.770258964421950381e-15
1.237500000000000000e+01 3.166666666666666963e+00 -2.270078713917460611e-15
1.237500000000000000e+01 3.375000000000000000e+00 -1.372735599014125522e-15
1.237500000000000000e+01 3.583333333333333925e+00 -8.332469243589982943e-16
1.237500000000000000e+01 3.791666666666666963e+00 -5.074156890230163351e-16
1.237500000000000000e+01 4.000000000000000000e+00 -3.098469459347106407e-16
1.266666666666666785e+01 -1.000000000000000000e+00 -6.638317126031699209e-11
1.266666666666666785e+01 -7.916666666666666297e-01 -6.637683073384054411e-11
1.266666666666666785e+01 -5.833333333333332593e-01 -2.580394359352794104e-11
1.266666666666666785e+01 -3.750000000000000000e-01 -2.230895866427697250e-11
1.266666666666666785e+01 -1.666666666666666297e-01 -1.598668292026753651e-11
1.266666666666666785e+01 4.166666666666674068e-02 -1.006922379296711490e-11
1.266666666666666785e+01 2.500000000000000000e-01 -5.825177733652036904e-12
1.266666666666666785e+01 4.583333333333334814e-01 -3.295651399897502707e-12
1.266666666666666785e+01 6.666666666666667407e-01 -1.310626657531371343e-09
1.266666666666666785e+01 8.750000000000000000e-01 -1.032630123455111247e-12
1.266666666666666785e+01 1.083333333333333481e+00 -5.807349980035790422e-13
1.266666666666666785e+01 1.291666666666666963e+00 -3.287636614378757067e-13
1.266666666666666785e+01 1.500000000000000000e+00 -1.879219192250703063e-13
1.266666666666666785e+01 1.708333333333333481e+00 -1.084463140948192654e-13
1.266666666666666785e+01 1.916666666666666963e+00 -6.313925316259021377e-14
1.266666666666666785e+01 2.125000000000000000e+00 -3.705426224292726711e-14
1.266666666666666785e+01 2.333333333333333481e+00 -2.190043480169459382e-14
1.266666666666666785e+01 2.541666666666666963e+00 -1.302743005869603614e-14
1.266666666666666785e+01 2.750000000000000000e+00 -7.793924940050163015e-15
1.266666666666666785e+01 2.958333333333333481e+00 -4.686541659278072682e-15
1.266666666666666785e+01 3.166666666666666963e+00 -2.830540881150632792e-15
1.266666666666666785e+01 3.375000000000000000e+00 -1.716138637241569133e-15
1.266666666666666785e+01 3.583333333333333925e+00 -1.043936157316905838e-15
1.266666666666666785e+01 3.791666666666666963e+00 -6.368315923065220470e-16
1.266666666666666785e+01 4.000000000000000000e+00 -3.894240305673789758e-16
1.295833333333333393e+01 -1.000000000000000000e+00 -6.140851327837949153e-11
1.295833333333333393e+01 -7.916666666666666297e-01 -2.630900447578728736e-11
1.295833333333333393e+01 -5.833333333333332593e-01 -2.782535512832504847e-11
1.295833333333333393e+01 -3.750000000000000000e-01 -2.302613320592477240e-11
1.295833333333333393e+01 -1.666666666666666297e-01 -1.561151564768817480e-11
1.295833333333333393e+01 4.166666666666674068e-02 -9.078236613545588971e-12
1.295833333333333393e+01 2.500000000000000000e-01 -5.133350887113348236e-12
1.295833333333333393e+01 4.583333333333334814e-01 -1.322868630296700070e-09
1.295833333333333393e+01 6.666666666666667407e-01 -1.584779543463578391e-12
1.295833333333333393e+01 8.750000000000000000e-01 -8.807282033729918144e-13
1.295833333333333393e+01 1.083333333333333481e+00 -4.927537066117002875e-13
1.295833333333333393e+01 1.291666666666666963e+00 -2.784700463037126887e-13
1.295833333333333393e+01 1.500000000000000000e+00 -1.589541523017628777e-13
1.295833333333333393e+01 1.708333333333333481e+00 -9.159858446082845690e-14
1.295833333333333393e+01 1.916666666666666963e+00 -5.325109130007006608e-14
1.295833333333333393e+01 2.125000000000000000e+00 -3.120886604389996043e-14
1.295833333333333393e+01 2.333333333333333481e+00 -1.842655544823853693e-14
1.295833333333333393e+01 2.541666666666666963e+00 -1.095220721972690448e-14
1.295833333333333393e+01 2.750000000000000000e+00 -6.548243374355609766e-15
1.295833333333333393e+01 2.958333333333333481e+00 -3.935534946778607776e-15
1.295833333333333393e+01 3.166666666666666963e+00 -2.376041043317932461e-15
1.295833333333333393e+01 3.375000000000000000e+00 -1.440159112994708950e-15
1.295833333333333393e+01 3.583333333333333925e+00 -8.758498315760677210e-16
1.295833333333333393e+01 3.791666666666666963e+00 -5.341996399980896241e-16
1.295833333333333393e+01 4.000000000000000000e+00 -3.266176807406984758e-16
1.325000000000000000e+01 -1.000000000000000000e+00 -1.296829877049422531e-11
1.325000000000000000e+01 -7.916666666666666297e-01 -1.702706682766609748e-11
1.325000000000000000e+01 -5.833333333333332593e-01 -1.763790312987980701e-11
1.325000000000000000e+01 -3.750000000000000000e-01 -1.346431418201850592e-11
1.325000000000000000e+01 -1.666666666666666297e-01 -7.748606664761911380e-12
1.325000000000000000e+01 4.166666666666674068e-02 -7.562893910400264813e-09
1.325000000000000000e+01 2.500000000000000000e-01 -4.897940152092664395e-11
1.325000000000000000e+01 4.583333333333334814e-01 -1.273466870252591793e-12
1.325000000000000000e+01 6.666666666666667407e-01 -6.878131193114625303e-13
1.325000000000000000e+01 8.750000000000000000e-01 -3.742803907058183023e-13
1.325000000000000000e+01 1.083333333333333481e+00 -2.059762892280830907e-13
1.325000000000000000e+01 1.291666666666666963e+00 -1.147168108895361884e-13
1.325000000000000000e+01 1.500000000000000000e+00 -6.466140302115387212e-14
1.325000000000000000e+01 1.708333333333333481e+00 -3.686176987150067718e-14
1.325000000000000000e+01 1.916666666666666963e+00 -2.123831269236498496e-14
1.325000000000000000e+01 2.125000000000000000e+00 -1.235647141076042399e-14
1.325000000000000000e+01 2.333333333333333481e+00 -7.252641539628826715e-15
1.325000000000000000e+01 2.541666666666666963e+00 -4.290152337716369242e-15
1.325000000000000000e+01 2.750000000000000000e+00 -2.555180802588794668e-15
1.325000000000000000e+01 2.958333333333333481e+00 -1.531005665097571439e-15
1.325000000000000000e+01 3.166666666666666963e+00 -9.220557600212112989e-16
1.325000000000000000e+01 3.375000000000000000e+00 -5.578010390327575498e-16
1.325000000000000000e+01 3.583333333333333925e+00 -3.387032428172932365e-16
1.325000000000000000e+01 3.791666666666666963e+00 -2.063326414717275602e-16
1.325000000000000000e+01 4.000000000000000000e+00 -1.260334133899361007e-16
1.354166666666666785e+01 -1.000000000000000000e+00 -2.766762025261519708e-12
1.354166666666666785e+01 -7.916666666666666297e-01 -3.969339503712833543e-12
1.354166666666666785e+01 -5.833333333333332593e-01 -3.645580507543358675e-12
1.354166666666666785e+01 -3.750000000000000000e-01 -1.990386420287287013e-12
1.354166666666666785e+01 -1.666666666666666297e-01 -5.564341086066095202e-09
1.354166666666666785e+01 4.166666666666674068e-02 -5.589216411773733238e-13
1.354166666666666785e+01 2.500000000000000000e-01 -2.874108984141746556e-13
1.354166666666666785e+01 4.583333333333334814e-01 -1.476542301225655993e-13
1.354166666666666785e+01 6.666666666666667407e-01 -7.652267303234418390e-14
1.354166666666666785e+01 8.750000000000000000e-01 -4.025493468285151788e-14
1.354166666666666785e+01 1.083333333333333481e+00 -2.152029575886435251e-14
1.354166666666666785e+01 1.291666666666666963e+00 -1.169821694966023047e-14
1.354166666666666785e+01 1.500000000000000000e+00 -6.461837075088128221e-15
1.354166666666666785e+01 1.708333333333333481e+00 -3.623838103216441974e-15
1.354166666666666785e+01 1.916666666666666963e+00 -2.060063596686568774e-15
1.354166666666666785e+01 2.125000000000000000e+00 -1.185837006695831548e-15
1.354166666666666785e+01 2.333333333333333481e+00 -6.899047787961186389e-16
1.354166666666666785e+01 2.541666666666666963e+00 -4.053097157636838425e-16
1.354166666666666785e+01 2.750000000000000000e+00 -2.401416554143958723e-16
1.354166666666666785e+01 2.958333333333333481e+00 -1.432274911939936814e-16
1.354166666666666785e+01 3.166666666666666963e+00 -8.600796657658082214e-17
1.354166666666666785e+01 3.375000000000000000e+00 -5.187343897567465540e-17
1.354166666666666785e+01 3.583333333333333925e+00 -3.142459702723278641e-17
1.354166666666666785e+01 3.791666666666666963e+00 -1.911288524940812098e-17
1.354166666666666785e+01 4.000000000000000000e+00 -1.165969378400906708e-17
1.383333333333333393e+01 -1.000000000000000000e+00 -1.038877778165724677e-13
1.383333333333333393e+01 -7.916666666666666297e-01 -1.260675845050430826e-13
1.383333333333333393e+01 -5.833333333333332593e-01 -5.926434631584484061e-14
1.383333333333333393e+01 -3.750000000000000000e-01 -2.914301321961629769e-14
1.383333333333333393e+01 -1.666666666666666297e-01 -1.428331586168502848e-14
1.383333333333333393e+01 4.166666666666674068e-02 -6.843622686894927585e-15
1.383333333333333393e+01 2.500000000000000000e-01 -3.271518744500093902e-15
1.383333333333333393e+01 4.583333333333334814e-01 -1.586857992775959401e-15
1.383333333333333393e+01 6.666666666666667407e-01 -7.823937218704482719e-16
1.383333333333333393e+01 8.750000000000000000e-01 -3.965744927472896837e-16
1.383333333333333393e+01 1.083333333333333481e+00 -2.031553747114283219e-16
1.383333333333333393e+01 1.291666666666666963e+00 -1.079505069684722187e-16
1.383333333333333393e+01 1.500000000000000000e+00 -5.831415974926352723e-17
1.383333333333333393e+01 1.708333333333333481e+00 -3.199956332292772260e-17
1.383333333333333393e+01 1.916666666666666963e+00 -1.798297828792802015e-17
1.383333333333333393e+01 2.125000000000000000e+00 -1.020535491671191313e-17
1.383333333333333393e+01 2.333333333333333481e+00 -5.906850968727923396e-18
1.383333333333333393e+01 2.541666666666666963e+00 -3.441555398119132172e-18
1.383333333333333393e+01 2.750000000000000000e+00 -2.021229450550800277e-18
1.383333333333333393e+01 2.958333333333333481e+00 -1.201910335645023543e-18
1.383333333333333393e+01 3.166666666666666963e+00 -7.208868353853835649e-19
1.383333333333333393e+01 3.375000000000000000e+00 -4.338288569063507966e-19
1.383333333333333393e+01 3.583333333333333925e+00 -2.620319681465190725e-19
1.383333333333333393e+01 3.791666666666666963e+00 -1.599528335010966558e-19
1.383333333333333393e+01 4.000000000000000000e+00 -9.417834674464999419e-20
1.412500000000000000e+01 -1.000000000000000000e+00 -2.297179892240236886e-16
1.412500000000000000e+01 -7.916666666666666297e-01 -7.308811779632991841e-17
1.412500000000000000e+01 -5.833333333333332593e-01 -3.316910347714132007e-17
1.412500000000000000e+01 -3.750000000000000000e-01 -1.372448332603603519e-17
1.412500000000000000e+01 -1.666666666666666297e-01 -7.067550534232954426e-18
1.412500000000000000e+01 4.166666666666674068e-02 -3.076385167136826717e-18
1.412500000000000000e+01 2.500000000000000000e-01 -1.353249022190938073e-18
1.412500000000000000e+01 4.583333333333334814e-01 -5.828957624171291636e-19
1.412500000000000000e+01 6.666666666666667407e-01 -1.733450658989274356e-18
1.412500000000000000e+01 8.750000000000000000e-01 -1.392814103566964629e-19
1.412500000000000000e+01 1.083333333333333481e+00 -8.003033465520472431e-20
1.412500000000000000e+01 1.291666666666666963e+00 -4.235338129463806151e-20
1.412500000000000000e+01 1.500000000000000000e+00 -2.278177117126260209e-20
1.412500000000000000e+01 1.708333333333333481e+00 -1.254855609019459836e-20
1.412500000000000000e+01 1.916666666666666963e+00 -1.007432126786747019e-20
1.412500000000000000e+01 2.125000000000000000e+00 -1.026015991550336827e-20
1.412500000000000000e+01 2.333333333333333481e+00 -2.594867273692441671e-21
1.412500000000000000e+01 2.541666666666666963e+00 -1.541262725607664976e-21
1.412500000000000000e+01 2.750000000000000000e+00 -6.396216205241916285e-22
1.412500000000000000e+01 2.958333333333333481e+00 -2.157719264645302648e-22
1.412500000000000000e+01 3.166666666666666963e+00 -2.830260549432272486e-22
1.412500000000000000e+01 3.375000000000000000e+00 -1.354550373043973101e-21
1.412500000000000000e+01 3.583333333333333925e+00 -8.244187780173668985e-23
1.412500000000000000e+01 3.791666666666666963e+00 -4.887686796859055669e-23
1.412500000000000000e+01 4.000000000000000000e+00 -3.814828761507055767e-23
1.441666666666666785e+01 -1.000000000000000000e+00 7.465750372750439423e-20
1.441666666666666785e+01 -7.916666666666666297e-01 8.528045687766912835e-20
1.441666666666666785e+01 -5.833333333333332593e-01 4.766237951283024684e-20
1.441666666666666785e+01 -3.750000000000000000e-01 3.746933420315974374e-20
1.441666666666666785e+01 -1.666666666666666297e-01 -3.842041551302336964e-20
1.441666666666666785e+01 4.166666666666674068e-02 -2.281144915223768717e-19
1.441666666666666785e+01 2.500000000000000000e-01 -7.379252188368364290e-19
1.441666666666666785e+01 4.583333333333334814e-01 4.906506921613741935e-18
1.441666666666666785e+01 6.666666666666667407e-01 -6.902646807048271772e-19
1.441666666666666785e+01 8.750000000000000000e-01 4.407711071961609777e-18
1.441666666666666785e+01 1.083333333333333481e+00 4.628726533354193125e-19
1.441666666666666785e+01 1.291666666666666963e+00 6.339483666337445567e-19
1.441666666666666785e+01 1.500000000000000000e+00 7.228245271935741222e-19
1.441666666666666785e+01 1.708333333333333481e+00 -1.553698905766748756e-19
1.441666666666666785e+01 1.916666666666666963e+00 -9.748568494398454082e-20
1.441666666666666785e+01 2.125000000000000000e+00 4.203712482729580298e-20
1.441666666666666785e+01 2.333333333333333481e+00 1.909112782620715022e-20
1.441666666666666785e+01 2.541666666666666963e+00 2.294666107180925082e-21
1.441666666666666785e+01 2.750000000000000000e+00 9.258130958707995055e-22
1.441666666666666785e+01 2.958333333333333481e+00 1.687754118315754705e-20
1.441666666666666785e+01 3.166666666666666963e+00 6.028433744423099263e-21
1.441666666666666785e+01 3.375000000000000000e+00 6.222904630132603685e-21
1.441666666666666785e+01 3.583333333333333925e+00 2.022722247476694697e-21
1.441666666666666785e+01 3.791666666666666963e+00 2.326066053696685671e-21
1.441666666666666785e+01 4.000000000000000000e+00 5.255306570953559908e-23
1.470833333333333393e+01 -1.000000000000000000e+00 -3.922062660987463451e-20
1.470833333333333393e+01 -7.916666666666666297e-01 -3.649936087926012143e-20
1.470833333333333393e+01 -5.833333333333332593e-01 -6.388617460598133693e-21
1.470833333333333393e+01 -3.750000000000000000e-01 7.047407338843870586e-20
1.470833333333333393e+01 -1.666666666666666297e-01 1.099162245889097557e-18
1.470833333333333393e+01 4.166666666666674068e-02 1.173113363863825245e-17
1.470833333333333393e+01 2.500000000000000000e-01 -1.996235858361866780e-17
1.470833333333333393e+01 4.583333333333334814e-01 -1.405180741423718612e-16
1.470833333333333393e+01 6.666666666666667407e-01 1.046385771894318550e-20
1.470833333333333393e+01 8.750000000000000000e-01 -1.027731865527642088e-16
1.470833333333333393e+01 1.083333333333333481e+00 -5.849173607811519383e-17
1.470833333333333393e+01 1.291666666666666963e+00 4.034575118099402351e-18
1.470833333333333393e+01 1.500000000000000000e+00 6.364857548563345659e-20
1.470833333333333393e+01 1.708333333333333481e+00 -1.421930187010432956e-18
1.470833333333333393e+01 1.916666666666666963e+00 -2.815719818020015882e-19
1.470833333333333393e+01 2.125000000000000000e+00 6.177155460920284807e-20
1.470833333333333393e+01 2.333333333333333481e+00 2.780977504947611500e-20
1.470833333333333393e+01 2.541666666666666963e+00 -1.227043736952398477e-18
1.470833333333333393e+01 2.750000000000000000e+00 -6.969038491966793604e-19
1.470833333333333393e+01 2.958333333333333481e+00 4.768048265103918635e-21
1.470833333333333393e+01 3.166666666666666963e+00 1.511117902421094082e-19
1.470833333333333393e+01 3.375000000000000000e+00 5.810428472898859961e-21
1.470833333333333393e+01 3.583333333333333925e+00 4.837005832391309923e-20
1.470833333333333393e+01 3.791666666666666963e+00 1.158189928819883598e-21
1.470833333333333393e+01 4.000000000000000000e+00 -8.294208548400007786e-22
1.500000000000000000e+01 -1.000000000000000000e+00 -2.430186691378604234e-20
1.500000000000000000e+01 -7.916666666666666297e-01 3.051232480496651347e-19
1.500000000000000000e+01 -5.833333333333332593e-01 1.577692952494319080e-19
1.500000000000000000e+01 -3.750000000000000000e-01 -3.867649126237084534e-19
1.500000000000000000e+01 -1.666666666666666297e-01 9.402254508777023881e-19
1.500000000000000000e+01 4.166666666666674068e-02 1.338728692603248092e-18
1.500000000000000000e+01 2.500000000000000000e-01 -2.233158378930130501e-17
1.500000000000000000e+01 4.583333333333334814e-01 1.307845100414860815e-17
1.500000000000000000e+01 6.666666666666667407e-01 1.522573617925714825e-18
1.500000000000000000e+01 8.750000000000000000e-01 6.207014522600425852e-18
1.500000000000000000e+01 1.083333333333333481e+00 7.872306522032050382e-20
1.500000000000000000e+01 1.291666666666666963e+00 4.695772032990984542e-19
1.500000000000000000e+01 1.500000000000000000e+00 -2.644561854138380695e-20
1.500000000000000000e+01 1.708333333333333481e+00 2.073480531544324853e-19
1.500000000000000000e+01 1.916666666666666963e+00 5.931184180727010186e-21
1.500000000000000000e+01 2.125000000000000000e+00 -5.662701511138207784e-20
1.500000000000000000e+01 2.333333333333333481e+00 5.679922833243606498e-22
1.500000000000000000e+01 2.541666666666666963e+00 -5.207781810684467110e-20
1.500000000000000000e+01 2.750000000000000000e+00 -6.602508106160703519e-22
1.500000000000000000e+01 2.958333333333333481e+00 2.331189805269769855e-21
1.500000000000000000e+01 3.166666666666666963e+00 6.474168776957242134e-21
1.500000000000000000e+01 3.375000000000000000e+00 -2.083722854212300018e-21
1.500000000000000000e+01 3.583333333333333925e+00 -6.567033225912555643e-21
1.500000000000000000e+01 3.791666666666666963e+00 3.825967037189616777e-21
1.500000000000000000e+01 4.000000000000000000e+00 -3.473603439568219840e-22
