8.000000000000000000e+00 -1.000000000000000000e+00 -3.165260165557013555e-15
8.000000000000000000e+00 -7.916666666666666297e-01 -3.165918354089936808e-15
8.000000000000000000e+00 -5.833333333333332593e-01 -3.164373364266868143e-15
8.000000000000000000e+00 -3.750000000000000000e-01 -3.164854305439072246e-15
8.000000000000000000e+00 -1.666666666666666297e-01 -3.164568064482405897e-15
8.000000000000000000e+00 4.166666666666674068e-02 -3.164320156177905098e-15
8.000000000000000000e+00 2.500000000000000000e-01 -3.164576730916912000e-15
8.000000000000000000e+00 4.583333333333334814e-01 -3.164561372635675834e-15
8.000000000000000000e+00 6.666666666666667407e-01 -3.164105058504811733e-15
8.000000000000000000e+00 8.750000000000000000e-01 -3.164660700572698725e-15
8.000000000000000000e+00 1.083333333333333481e+00 -3.164360019849618662e-15
8.000000000000000000e+00 1.291666666666666963e+00 -3.164044971832678034e-15
8.000000000000000000e+00 1.500000000000000000e+00 -3.164721450013700556e-15
8.000000000000000000e+00 1.708333333333333481e+00 -3.165035823256972204e-15
8.000000000000000000e+00 1.916666666666666963e+00 -3.164224670947009292e-15
8.000000000000000000e+00 2.125000000000000000e+00 -3.164770270780217652e-15
8.000000000000000000e+00 2.333333333333333481e+00 -3.167049072062062516e-15
8.000000000000000000e+00 2.541666666666666963e+00 -4.456313034930209352e-16
8.000000000000000000e+00 2.750000000000000000e+00 -1.160272510501524296e-16
8.000000000000000000e+00 2.958333333333333481e+00 -1.599962403744676168e-17
8.000000000000000000e+00 3.166666666666666963e+00 -7.562970749636651512e-18
8.000000000000000000e+00 3.375000000000000000e+00 -5.389480316224779501e-18
8.000000000000000000e+00 3.583333333333333925e+00 -3.078048499550031432e-18
8.000000000000000000e+00 3.791666666666666963e+00 -1.685105865578221881e-18
8.000000000000000000e+00 4.000000000000000000e+00 -9.149465623628660216e-19
8.291666666666666075e+00 -1.000000000000000000e+00 -6.195096737613371365e-15
8.291666666666666075e+00 -7.916666666666666297e-01 -6.195589130605869157e-15
8.291666666666666075e+00 -5.833333333333332593e-01 -6.193262522055793135e-15
8.291666666666666075e+00 -3.750000000000000000e-01 -6.192997673414926674e-15
8.291666666666666075e+00 -1.666666666666666297e-01 -6.193565596610383201e-15
8.291666666666666075e+00 4.166666666666674068e-02 -6.193805200188201344e-15
8.291666666666666075e+00 2.500000000000000000e-01 -6.194268000915201651e-15
8.291666666666666075e+00 4.583333333333334814e-01 -6.194143150195237091e-15
8.291666666666666075e+00 6.666666666666667407e-01 -6.193750172028498314e-15
8.291666666666666075e+00 8.750000000000000000e-01 -6.194862567150879133e-15
8.291666666666666075e+00 1.083333333333333481e+00 -6.194357104384948491e-15
8.291666666666666075e+00 1.291666666666666963e+00 -6.194390777099540599e-15
8.291666666666666075e+00 1.500000000000000000e+00 -6.194547337136162101e-15
8.291666666666666075e+00 1.708333333333333481e+00 -6.193960315661315621e-15
8.291666666666666075e+00 1.916666666666666963e+00 -6.193887791893613032e-15
8.291666666666666075e+00 2.125000000000000000e+00 -6.193895698134109582e-15
8.291666666666666075e+00 2.333333333333333481e+00 -9.176801592633290723e-16
8.291666666666666075e+00 2.541666666666666963e+00 -2.526753003791872973e-16
8.291666666666666075e+00 2.750000000000000000e+00 -3.872150265794369467e-17
8.291666666666666075e+00 2.958333333333333481e+00 -1.923568842426821012e-17
8.291666666666666075e+00 3.166666666666666963e+00 -1.343482425466368063e-17
8.291666666666666075e+00 3.375000000000000000e+00 -7.656989053621979697e-18
8.291666666666666075e+00 3.583333333333333925e+00 -4.194230559895196504e-18
8.291666666666666075e+00 3.791666666666666963e+00 -2.279456409712144724e-18
8.291666666666666075e+00 4.000000000000000000e+00 -1.236998752501060850e-18
8.583333333333333925e+00 -1.000000000000000000e+00 -1.212622475525692567e-14
8.583333333333333925e+00 -7.916666666666666297e-01 -1.212451858793592207e-14
8.583333333333333925e+00 -5.833333333333332593e-01 -1.212351197296547181e-14
8.583333333333333925e+00 -3.750000000000000000e-01 -1.212091525584650752e-14
8.583333333333333925e+00 -1.666666666666666297e-01 -1.212255511198860041e-14
8.583333333333333925e+00 4.166666666666674068e-02 -1.212285655266086862e-14
8.583333333333333925e+00 2.500000000000000000e-01 -1.212342712003573341e-14
8.583333333333333925e+00 4.583333333333334814e-01 -1.212291442863730155e-14
8.583333333333333925e+00 6.666666666666667407e-01 -1.212263796299457721e-14
8.583333333333333925e+00 8.750000000000000000e-01 -1.212200300542298999e-14
8.583333333333333925e+00 1.083333333333333481e+00 -1.212380126044009769e-14
8.583333333333333925e+00 1.291666666666666963e+00 -1.212224482394583280e-14
8.583333333333333925e+00 1.500000000000000000e+00 -1.212341487306749847e-14
8.583333333333333925e+00 1.708333333333333481e+00 -1.212268080709577057e-14
8.583333333333333925e+00 1.916666666666666963e+00 -1.212196301502848311e-14
8.583333333333333925e+00 2.125000000000000000e+00 -1.863133521402467803e-15
8.583333333333333925e+00 2.333333333333333481e+00 -5.497399435127242923e-16
8.583333333333333925e+00 2.541666666666666963e+00 -9.414399200780294215e-17
8.583333333333333925e+00 2.750000000000000000e+00 -4.901786213975999541e-17
8.583333333333333925e+00 2.958333333333333481e+00 -3.356421341103394118e-17
8.583333333333333925e+00 3.166666666666666963e+00 -1.908805445090939003e-17
8.583333333333333925e+00 3.375000000000000000e+00 -1.045991154487285101e-17
8.583333333333333925e+00 3.583333333333333925e+00 -5.689183081695721432e-18
8.583333333333333925e+00 3.791666666666666963e+00 -3.089663999099437918e-18
8.583333333333333925e+00 4.000000000000000000e+00 -1.676749583974284006e-18
8.875000000000000000e+00 -1.000000000000000000e+00 -2.373076336314760714e-14
8.875000000000000000e+00 -7.916666666666666297e-01 -2.372676155760618534e-14
8.875000000000000000e+00 -5.833333333333332593e-01 -2.373007929954690843e-14
8.875000000000000000e+00 -3.750000000000000000e-01 -2.372640547044202612e-14
8.875000000000000000e+00 -1.666666666666666297e-01 -2.372537725846061947e-14
8.875000000000000000e+00 4.166666666666674068e-02 -2.373109778455063071e-14
8.875000000000000000e+00 2.500000000000000000e-01 -2.372299513651552172e-14
8.875000000000000000e+00 4.583333333333334814e-01 -2.372547392275647034e-14
8.875000000000000000e+00 6.666666666666667407e-01 -2.372810812695632699e-14
8.875000000000000000e+00 8.750000000000000000e-01 -2.372703943999107955e-14
8.875000000000000000e+00 1.083333333333333481e+00 -2.372835722814420569e-14
8.875000000000000000e+00 1.291666666666666963e+00 -2.372799422848603083e-14
8.875000000000000000e+00 1.500000000000000000e+00 -2.372641480536081673e-14
8.875000000000000000e+00 1.708333333333333481e+00 -2.372868733729577526e-14
8.875000000000000000e+00 1.916666666666666963e+00 -3.739179149534099838e-15
8.875000000000000000e+00 2.125000000000000000e+00 -1.195887403058263321e-15
8.875000000000000000e+00 2.333333333333333481e+00 -2.303903833767819801e-16
8.875000000000000000e+00 2.541666666666666963e+00 -1.251110530467704472e-16
8.875000000000000000e+00 2.750000000000000000e+00 -8.400826645108132261e-17
8.875000000000000000e+00 2.958333333333333481e+00 -4.767120805464283122e-17
8.875000000000000000e+00 3.166666666666666963e+00 -2.613076472409282903e-17
8.875000000000000000e+00 3.375000000000000000e+00 -1.422230402979350124e-17
8.875000000000000000e+00 3.583333333333333925e+00 -7.728555516437685732e-18
8.875000000000000000e+00 3.791666666666666963e+00 -4.195476795199115924e-18
8.875000000000000000e+00 4.000000000000000000e+00 -2.272558954105946206e-18
9.166666666666666075e+00 -1.000000000000000000e+00 -4.644657469335329314e-14
9.166666666666666075e+00 -7.916666666666666297e-01 -4.644016956923933132e-14
9.166666666666666075e+00 -5.833333333333332593e-01 -4.644122382288805707e-14
9.166666666666666075e+00 -3.750000000000000000e-01 -4.643583430466934763e-14
9.166666666666666075e+00 -1.666666666666666297e-01 -4.643980480968518545e-14
9.166666666666666075e+00 4.166666666666674068e-02 -4.644233725632084832e-14
9.166666666666666075e+00 2.500000000000000000e-01 -4.643559584863553392e-14
9.166666666666666075e+00 4.583333333333334814e-01 -4.643783032029883454e-14
9.166666666666666075e+00 6.666666666666667407e-01 -4.643594463792879217e-14
9.166666666666666075e+00 8.750000000000000000e-01 -4.643876670703759858e-14
9.166666666666666075e+00 1.083333333333333481e+00 -4.643934189945269840e-14
9.166666666666666075e+00 1.291666666666666963e+00 -4.643725094560119800e-14
9.166666666666666075e+00 1.500000000000000000e+00 -4.643613570091284502e-14
9.166666666666666075e+00 1.708333333333333481e+00 -7.544838915098045100e-15
9.166666666666666075e+00 1.916666666666666963e+00 -2.605015021091941645e-15
9.166666666666666075e+00 2.125000000000000000e+00 -5.684179995740962061e-16
9.166666666666666075e+00 2.333333333333333481e+00 -3.197767356717194367e-16
9.166666666666666075e+00 2.541666666666666963e+00 -2.106031594703181703e-16
9.166666666666666075e+00 2.750000000000000000e+00 -1.192497986347305617e-16
9.166666666666666075e+00 2.958333333333333481e+00 -6.538247133403285393e-17
9.166666666666666075e+00 3.166666666666666963e+00 -3.560801574019452364e-17
9.166666666666666075e+00 3.375000000000000000e+00 -1.935977753880583846e-17
9.166666666666666075e+00 3.583333333333333925e+00 -1.051056217700404158e-17
9.166666666666666075e+00 3.791666666666666963e+00 -5.689670687216417032e-18
9.166666666666666075e+00 4.000000000000000000e+00 -3.067896479025394777e-18
9.458333333333333925e+00 -1.000000000000000000e+00 -9.088778504732013633e-14
9.458333333333333925e+00 -7.916666666666666297e-01 -9.086831255740682757e-14
9.458333333333333925e+00 -5.833333333333332593e-01 -9.086717915711865563e-14
9.458333333333333925e+00 -3.750000000000000000e-01 -9.087427625861039810e-14
9.458333333333333925e+00 -1.666666666666666297e-01 -9.087738296203404099e-14
9.458333333333333925e+00 4.166666666666674068e-02 -9.087085674916505128e-14
9.458333333333333925e+00 2.500000000000000000e-01 -9.087039822973603562e-14
9.458333333333333925e+00 4.583333333333334814e-01 -9.087770196843281301e-14
9.458333333333333925e+00 6.666666666666667407e-01 -9.086297200693056453e-14
9.458333333333333925e+00 8.750000000000000000e-01 -9.087459900707102782e-14
9.458333333333333925e+00 1.083333333333333481e+00 -9.087777254765157241e-14
9.458333333333333925e+00 1.291666666666666963e+00 -9.086175907215430112e-14
9.458333333333333925e+00 1.500000000000000000e+00 -1.601534748593978722e-14
9.458333333333333925e+00 1.708333333333333481e+00 -5.689262664201368253e-15
9.458333333333333925e+00 1.916666666666666963e+00 -1.415220797568845275e-15
9.458333333333333925e+00 2.125000000000000000e+00 -8.183796858071419239e-16
9.458333333333333925e+00 2.333333333333333481e+00 -5.287382219524870592e-16
9.458333333333333925e+00 2.541666666666666963e+00 -2.987587624516702130e-16
9.458333333333333925e+00 2.750000000000000000e+00 -1.638454088602021461e-16
9.458333333333333925e+00 2.958333333333333481e+00 -8.928512457299602121e-17
9.458333333333333925e+00 3.166666666666666963e+00 -4.856517650167923003e-17
9.458333333333333925e+00 3.375000000000000000e+00 -2.636427351609977654e-17
9.458333333333333925e+00 3.583333333333333925e+00 -1.426182926983239826e-17
9.458333333333333925e+00 3.791666666666666963e+00 -7.689225087242363904e-18
9.458333333333333925e+00 4.000000000000000000e+00 -3.416006645048194829e-18
9.750000000000000000e+00 -1.000000000000000000e+00 -1.777980244107336322e-13
9.750000000000000000e+00 -7.916666666666666297e-01 -1.777789554609878395e-13
9.750000000000000000e+00 -5.833333333333332593e-01 -1.777674551808637113e-13
9.750000000000000000e+00 -3.750000000000000000e-01 -1.777489729043496452e-13
9.750000000000000000e+00 -1.666666666666666297e-01 -1.777719518318271595e-13
9.750000000000000000e+00 4.166666666666674068e-02 -1.777814270575881614e-13
9.750000000000000000e+00 2.500000000000000000e-01 -1.777780486886155147e-13
9.750000000000000000e+00 4.583333333333334814e-01 -1.777745730754408885e-13
9.750000000000000000e+00 6.666666666666667407e-01 -1.777887676333693211e-13
9.750000000000000000e+00 8.750000000000000000e-01 -1.778033950579848971e-13
9.750000000000000000e+00 1.083333333333333481e+00 -1.777825009370789634e-13
9.750000000000000000e+00 1.291666666666666963e+00 -3.810275387199757984e-14
9.750000000000000000e+00 1.500000000000000000e+00 -1.248065463065502408e-14
9.750000000000000000e+00 1.708333333333333481e+00 -3.558356867346066291e-15
9.750000000000000000e+00 1.916666666666666963e+00 -2.096896582349363104e-15
9.750000000000000000e+00 2.125000000000000000e+00 -1.329290625394893156e-15
9.750000000000000000e+00 2.333333333333333481e+00 -7.496153993263105986e-16
9.750000000000000000e+00 2.541666666666666963e+00 -4.112327078071788711e-16
9.750000000000000000e+00 2.750000000000000000e+00 -2.242354438641330398e-16
9.750000000000000000e+00 2.958333333333333481e+00 -1.220178083207072289e-16
9.750000000000000000e+00 3.166666666666666963e+00 -6.622581442718128285e-17
9.750000000000000000e+00 3.375000000000000000e+00 -3.580983651335039251e-17
9.750000000000000000e+00 3.583333333333333925e+00 -1.101579908467270995e-13
9.750000000000000000e+00 3.791666666666666963e+00 -9.218791247061710997e-18
9.750000000000000000e+00 4.000000000000000000e+00 -5.654378941849645285e-18
1.004166666666666785e+01 -1.000000000000000000e+00 -3.476571078297874401e-13
1.004166666666666785e+01 -7.916666666666666297e-01 -3.476573251380037313e-13
1.004166666666666785e+01 -5.833333333333332593e-01 -3.476280380319678916e-13
1.004166666666666785e+01 -3.750000000000000000e-01 -3.476079911658138262e-13
1.004166666666666785e+01 -1.666666666666666297e-01 -3.476432063720991629e-13
1.004166666666666785e+01 4.166666666666674068e-02 -3.476348142687958925e-13
1.004166666666666785e+01 2.500000000000000000e-01 -3.476825052560892520e-13
1.004166666666666785e+01 4.583333333333334814e-01 -3.476712329444065570e-13
1.004166666666666785e+01 6.666666666666667407e-01 -3.476419039675684328e-13
1.004166666666666785e+01 8.750000000000000000e-01 -3.476559841163444082e-13
1.004166666666666785e+01 1.083333333333333481e+00 -1.033632265355000760e-13
1.004166666666666785e+01 1.291666666666666963e+00 -2.757926532017873125e-14
1.004166666666666785e+01 1.500000000000000000e+00 -9.024564285996752650e-15
1.004166666666666785e+01 1.708333333333333481e+00 -5.377985794428961356e-15
1.004166666666666785e+01 1.916666666666666963e+00 -3.346584958762492534e-15
1.004166666666666785e+01 2.125000000000000000e+00 -1.883817275324327548e-15
1.004166666666666785e+01 2.333333333333333481e+00 -1.033909800994817606e-15
1.004166666666666785e+01 2.541666666666666963e+00 -5.641674336276085495e-16
1.004166666666666785e+01 2.750000000000000000e+00 -3.071165227239894947e-16
1.004166666666666785e+01 2.958333333333333481e+00 -1.666647186158409342e-16
1.004166666666666785e+01 3.166666666666666963e+00 -9.014365883485245841e-17
1.004166666666666785e+01 3.375000000000000000e+00 -2.022879391051864171e-14
1.004166666666666785e+01 3.583333333333333925e+00 -2.518047268200572432e-17
1.004166666666666785e+01 3.791666666666666963e+00 -1.435876862619613607e-17
1.004166666666666785e+01 4.000000000000000000e+00 -7.842445163403961071e-18
1.033333333333333393e+01 -1.000000000000000000e+00 -6.792492842438282082e-13
1.033333333333333393e+01 -7.916666666666666297e-01 -6.793382415797178936e-13
1.033333333333333393e+01 -5.833333333333332593e-01 -6.792970097672913483e-13
1.033333333333333393e+01 -3.750000000000000000e-01 -6.793253594303634864e-13
1.033333333333333393e+01 -1.666666666666666297e-01 -6.792879651981322568e-13
1.033333333333333393e+01 4.166666666666674068e-02 -6.793164202598533476e-13
1.033333333333333393e+01 2.500000000000000000e-01 -6.792146206189410155e-13
1.033333333333333393e+01 4.583333333333334814e-01 -6.793480903168067983e-13
1.033333333333333393e+01 6.666666666666667407e-01 -6.792976783217493475e-13
1.033333333333333393e+01 8.750000000000000000e-01 -2.973249398238929078e-13
1.033333333333333393e+01 1.083333333333333481e+00 -6.155108459217556068e-14
1.033333333333333393e+01 1.291666666666666963e+00 -2.304703035768431621e-14
1.033333333333333393e+01 1.500000000000000000e+00 -1.380526216491577354e-14
1.033333333333333393e+01 1.708333333333333481e+00 -8.437339307588607696e-15
1.033333333333333393e+01 1.916666666666666963e+00 -4.742236280506647693e-15
1.033333333333333393e+01 2.125000000000000000e+00 -2.604497970738631360e-15
1.033333333333333393e+01 2.333333333333333481e+00 -1.422438474424007466e-15
1.033333333333333393e+01 2.541666666666666963e+00 -7.747268458607937240e-16
1.033333333333333393e+01 2.750000000000000000e+00 -4.205209748634515296e-16
1.033333333333333393e+01 2.958333333333333481e+00 -6.547866876795343276e-13
1.033333333333333393e+01 3.166666666666666963e+00 -2.611709243014033727e-15
1.033333333333333393e+01 3.375000000000000000e+00 -6.720503608523402995e-17
1.033333333333333393e+01 3.583333333333333925e+00 -3.672522759550557531e-17
1.033333333333333393e+01 3.791666666666666963e+00 -2.018730526304564064e-17
1.033333333333333393e+01 4.000000000000000000e+00 -1.116897210035650029e-17
1.062500000000000000e+01 -1.000000000000000000e+00 -1.324908050105198695e-12
1.062500000000000000e+01 -7.916666666666666297e-01 -1.324836022767315293e-12
1.062500000000000000e+01 -5.833333333333332593e-01 -1.324633659650053683e-12
1.062500000000000000e+01 -3.750000000000000000e-01 -1.324885298660124458e-12
1.062500000000000000e+01 -1.666666666666666297e-01 -1.324830135642405990e-12
1.062500000000000000e+01 4.166666666666674068e-02 -1.324688551065914160e-12
1.062500000000000000e+01 2.500000000000000000e-01 -1.324840947990336409e-12
1.062500000000000000e+01 4.583333333333334814e-01 -1.324824469474484159e-12
1.062500000000000000e+01 6.666666666666667407e-01 -8.217236764699132341e-13
1.062500000000000000e+01 8.750000000000000000e-01 -1.391362165777093219e-13
1.062500000000000000e+01 1.083333333333333481e+00 -5.908593306402184077e-14
1.062500000000000000e+01 1.291666666666666963e+00 -3.544346390062682528e-14
1.062500000000000000e+01 1.500000000000000000e+00 -2.130305059347100969e-14
1.062500000000000000e+01 1.708333333333333481e+00 -1.196044938537454074e-14
1.062500000000000000e+01 1.916666666666666963e+00 -6.575759753972684813e-15
1.062500000000000000e+01 2.125000000000000000e+00 -3.595547772327292145e-15
1.062500000000000000e+01 2.333333333333333481e+00 -1.959855690406940058e-15
1.062500000000000000e+01 2.541666666666666963e+00 -1.064975040846466001e-15
1.062500000000000000e+01 2.750000000000000000e+00 -1.988090748788540974e-12
1.062500000000000000e+01 2.958333333333333481e+00 -8.498740784842054646e-15
1.062500000000000000e+01 3.166666666666666963e+00 -1.723880555515192404e-16
1.062500000000000000e+01 3.375000000000000000e+00 -9.483011186410706030e-17
1.062500000000000000e+01 3.583333333333333925e+00 -5.254669810119907556e-17
1.062500000000000000e+01 3.791666666666666963e+00 -2.932190998604937322e-17
1.062500000000000000e+01 4.000000000000000000e+00 -1.647120315462240651e-17
1.091666666666666785e+01 -1.000000000000000000e+00 -2.575406043123181441e-12
1.091666666666666785e+01 -7.916666666666666297e-01 -2.574991928606339871e-12
1.091666666666666785e+01 -5.833333333333332593e-01 -2.575087259168114192e-12
1.091666666666666785e+01 -3.750000000000000000e-01 -2.575031292944903579e-12
1.091666666666666785e+01 -1.666666666666666297e-01 -2.575373084719119680e-12
1.091666666666666785e+01 4.166666666666674068e-02 -2.575268972207344150e-12
1.091666666666666785e+01 2.500000000000000000e-01 -2.575288425815347169e-12
1.091666666666666785e+01 4.583333333333334814e-01 -2.044524446342371314e-12
1.091666666666666785e+01 6.666666666666667407e-01 -3.190984907444833824e-13
1.091666666666666785e+01 8.750000000000000000e-01 -1.515363419385594922e-13
1.091666666666666785e+01 1.083333333333333481e+00 -9.092493767817706227e-14
1.091666666666666785e+01 1.291666666666666963e+00 -5.385704835410542155e-14
1.091666666666666785e+01 1.500000000000000000e+00 -3.022480825013376565e-14
1.091666666666666785e+01 1.708333333333333481e+00 -1.664413613789238042e-14
1.091666666666666785e+01 1.916666666666666963e+00 -9.115616415318926462e-15
1.091666666666666785e+01 2.125000000000000000e+00 -4.975734447764914169e-15
1.091666666666666785e+01 2.333333333333333481e+00 -2.710430010730362279e-15
1.091666666666666785e+01 2.541666666666666963e+00 -3.631558210327905001e-12
1.091666666666666785e+01 2.750000000000000000e+00 -1.729920727854020365e-14
1.091666666666666785e+01 2.958333333333333481e+00 -4.465023608590737924e-16
1.091666666666666785e+01 3.166666666666666963e+00 -2.477544061280640720e-16
1.091666666666666785e+01 3.375000000000000000e+00 -1.386119857804433015e-16
1.091666666666666785e+01 3.583333333333333925e+00 -7.814372052423384828e-17
1.091666666666666785e+01 3.791666666666666963e+00 -4.438501810846095388e-17
1.091666666666666785e+01 4.000000000000000000e+00 -2.539841462698450708e-17
1.120833333333333393e+01 -1.000000000000000000e+00 -4.973269439143615905e-12
1.120833333333333393e+01 -7.916666666666666297e-01 -4.971754393054221558e-12
1.120833333333333393e+01 -5.833333333333332593e-01 -4.972238209561616169e-12
1.120833333333333393e+01 -3.750000000000000000e-01 -4.972531688152511190e-12
1.120833333333333393e+01 -1.666666666666666297e-01 -4.972890394435959569e-12
1.120833333333333393e+01 4.166666666666674068e-02 -4.972555081529730588e-12
1.120833333333333393e+01 2.500000000000000000e-01 -4.548628720345175042e-12
1.120833333333333393e+01 4.583333333333334814e-01 -7.406266706326570573e-13
1.120833333333333393e+01 6.666666666666667407e-01 -3.871533616606631480e-13
1.120833333333333393e+01 8.750000000000000000e-01 -2.325789454027099443e-13
1.120833333333333393e+01 1.083333333333333481e+00 -1.362363489727300280e-13
1.120833333333333393e+01 1.291666666666666963e+00 -7.649990790540171227e-14
1.120833333333333393e+01 1.500000000000000000e+00 -4.222842403254850829e-14
1.120833333333333393e+01 1.708333333333333481e+00 -2.318079308552574776e-14
1.120833333333333393e+01 1.916666666666666963e+00 -1.268486351836110454e-14
1.120833333333333393e+01 2.125000000000000000e+00 -1.700544860542355267e-11
1.120833333333333393e+01 2.333333333333333481e+00 -4.027366361789120612e-12
1.120833333333333393e+01 2.541666666666666963e+00 -2.103616572479392073e-15
1.120833333333333393e+01 2.750000000000000000e+00 -1.169340091749319537e-15
1.120833333333333393e+01 2.958333333333333481e+00 -6.556713713929897287e-16
1.120833333333333393e+01 3.166666666666666963e+00 -3.709129453550380507e-16
1.120833333333333393e+01 3.375000000000000000e+00 -2.115606436888282374e-16
1.120833333333333393e+01 3.583333333333333925e+00 -1.216422728156302252e-16
1.120833333333333393e+01 3.791666666666666963e+00 -7.048903702252882312e-17
1.120833333333333393e+01 4.000000000000000000e+00 -4.116245426008276320e-17
1.150000000000000000e+01 -1.000000000000000000e+00 -9.477642751526389321e-12
1.150000000000000000e+01 -7.916666666666666297e-01 -9.478204484993114758e-12
1.150000000000000000e+01 -5.833333333333332593e-01 -9.476561719967726330e-12
1.150000000000000000e+01 -3.750000000000000000e-01 -9.476838476807737560e-12
1.150000000000000000e+01 -1.666666666666666297e-01 -9.477221146478769012e-12
1.150000000000000000e+01 4.166666666666674068e-02 -9.272644848965432052e-12
1.150000000000000000e+01 2.500000000000000000e-01 -1.724757207244779417e-12
1.150000000000000000e+01 4.583333333333334814e-01 -9.791928510381347113e-13
1.150000000000000000e+01 6.666666666666667407e-01 -5.909629020165550559e-13
1.150000000000000000e+01 8.750000000000000000e-01 -3.440571324592322952e-13
1.150000000000000000e+01 1.083333333333333481e+00 -1.935880794188990093e-13
1.150000000000000000e+01 1.291666666666666963e+00 -1.072338343574476864e-13
1.150000000000000000e+01 1.500000000000000000e+00 -5.905642549895308009e-14
1.150000000000000000e+01 1.708333333333333481e+00 -3.244665565849990463e-14
1.150000000000000000e+01 1.916666666666666963e+00 -3.425137189784487621e-11
1.150000000000000000e+01 2.125000000000000000e+00 -3.451958898237884299e-12
1.150000000000000000e+01 2.333333333333333481e+00 -5.505900634969350855e-15
1.150000000000000000e+01 2.541666666666666963e+00 -3.092904629337439849e-15
1.150000000000000000e+01 2.750000000000000000e+00 -1.754571018657184643e-15
1.150000000000000000e+01 2.958333333333333481e+00 -1.004425505010482437e-15
1.150000000000000000e+01 3.166666666666666963e+00 -5.799501912933509162e-16
1.150000000000000000e+01 3.375000000000000000e+00 -3.375855897976554367e-16
1.150000000000000000e+01 3.583333333333333925e+00 -1.980127861491900383e-16
1.150000000000000000e+01 3.791666666666666963e+00 -1.170009085803834788e-16
1.150000000000000000e+01 4.000000000000000000e+00 -6.960059900207329415e-17
1.179166666666666785e+01 -1.000000000000000000e+00 -1.760801405777134906e-11
1.179166666666666785e+01 -7.916666666666666297e-01 -1.760577513702957228e-11
1.179166666666666785e+01 -5.833333333333332593e-01 -1.760764186466388484e-11
1.179166666666666785e+01 -3.750000000000000000e-01 -1.760626509593098897e-11
1.179166666666666785e+01 -1.666666666666666297e-01 -1.754204708994074452e-11
1.179166666666666785e+01 4.166666666666674068e-02 -3.954116717388997937e-12
1.179166666666666785e+01 2.500000000000000000e-01 -2.423544821549745199e-12
1.179166666666666785e+01 4.583333333333334814e-01 -1.480037919377706929e-12
1.179166666666666785e+01 6.666666666666667407e-01 -8.624536245276143359e-13
1.179166666666666785e+01 8.750000000000000000e-01 -4.872298485383039516e-13
1.179166666666666785e+01 1.083333333333333481e+00 -2.711776940012114736e-13
1.179166666666666785e+01 1.291666666666666963e+00 -1.499993375697560424e-13
1.179166666666666785e+01 1.500000000000000000e+00 -6.862989483831649599e-11
1.179166666666666785e+01 1.708333333333333481e+00 -5.866649690427244593e-11
1.179166666666666785e+01 1.916666666666666963e+00 -2.565598529635585534e-14
1.179166666666666785e+01 2.125000000000000000e+00 -1.443647104869759605e-14
1.179166666666666785e+01 2.333333333333333481e+00 -8.201682069287182927e-15
1.179166666666666785e+01 2.541666666666666963e+00 -4.706843085693300677e-15
1.179166666666666785e+01 2.750000000000000000e+00 -2.725725903659932957e-15
1.179166666666666785e+01 2.958333333333333481e+00 -1.591781657232419268e-15
1.179166666666666785e+01 3.166666666666666963e+00 -9.367354411311574585e-16
1.179166666666666785e+01 3.375000000000000000e+00 -5.551798478764214568e-16
1.179166666666666785e+01 3.583333333333333925e+00 -3.311850246423034194e-16
1.179166666666666785e+01 3.791666666666666963e+00 -1.987122311369180920e-16
1.179166666666666785e+01 4.000000000000000000e+00 -1.198380600577071671e-16
1.208333333333333393e+01 -1.000000000000000000e+00 -3.112589572139373329e-11
1.208333333333333393e+01 -7.916666666666666297e-01 -3.112452163058184069e-11
1.208333333333333393e+01 -5.833333333333332593e-01 -3.112660634905768043e-11
1.208333333333333393e+01 -3.750000000000000000e-01 -3.112484430824702922e-11
1.208333333333333393e+01 -1.666666666666666297e-01 -8.603211701389187461e-12
1.208333333333333393e+01 4.166666666666674068e-02 -5.736563855584514970e-12
1.208333333333333393e+01 2.500000000000000000e-01 -3.593188495180953493e-12
1.208333333333333393e+01 4.583333333333334814e-01 -2.115927283703638727e-12
1.208333333333333393e+01 6.666666666666667407e-01 -1.203090672247718335e-12
1.208333333333333393e+01 8.750000000000000000e-01 -6.736048431901047953e-13
1.208333333333333393e+01 1.083333333333333481e+00 -3.745703995862882390e-13
1.208333333333333393e+01 1.291666666666666963e+00 -3.049507635744219008e-10
1.208333333333333393e+01 1.500000000000000000e+00 -7.269451873176678330e-11
1.208333333333333393e+01 1.708333333333333481e+00 -6.553747337368133907e-14
1.208333333333333393e+01 1.916666666666666963e+00 -3.722176280797585971e-14
1.208333333333333393e+01 2.125000000000000000e+00 -2.136162260072254110e-14
1.208333333333333393e+01 2.333333333333333481e+00 -1.237900721090615395e-14
1.208333333333333393e+01 2.541666666666666963e+00 -7.235820444312615030e-15
1.208333333333333393e+01 2.750000000000000000e+00 -4.262782258569829696e-15
1.208333333333333393e+01 2.958333333333333481e+00 -2.528906320912198696e-15
1.208333333333333393e+01 3.166666666666666963e+00 -1.509698465606709509e-15
1.208333333333333393e+01 3.375000000000000000e+00 -9.064769452808211185e-16
1.208333333333333393e+01 3.583333333333333925e+00 -5.469212602049344181e-16
1.208333333333333393e+01 3.791666666666666963e+00 -3.313872122412456417e-16
1.208333333333333393e+01 4.000000000000000000e+00 -2.015237933199661851e-16
1.237500000000000000e+01 -1.000000000000000000e+00 -4.993861537387641456e-11
1.237500000000000000e+01 -7.916666666666666297e-01 -4.994808457704253145e-11
1.237500000000000000e+01 -5.833333333333332593e-01 -4.994090546274541385e-11
1.237500000000000000e+01 -3.750000000000000000e-01 -1.668325806734400908e-11
1.237500000000000000e+01 -1.666666666666666297e-01 -1.240172137539640023e-11
1.237500000000000000e+01 4.166666666666674068e-02 -8.154077821733505648e-12
1.237500000000000000e+01 2.500000000000000000e-01 -4.918197607027016447e-12
1.237500000000000000e+01 4.583333333333334814e-01 -2.820923958726194367e-12
1.237500000000000000e+01 6.666666666666667407e-01 -1.589651982943826313e-12
1.237500000000000000e+01 8.750000000000000000e-01 -8.883974458288731727e-13
1.237500000000000000e+01 1.083333333333333481e+00 -5.627331259449288867e-10
1.237500000000000000e+01 1.291666666666666963e+00 -2.910601193815232138e-11
1.237500000000000000e+01 1.500000000000000000e+00 -1.580348653025375583e-13
1.237500000000000000e+01 1.708333333333333481e+00 -9.032599267644182139e-14
1.237500000000000000e+01 1.916666666666666963e+00 -5.216126347387684434e-14
1.237500000000000000e+01 2.125000000000000000e+00 -3.039745733321684580e-14
1.237500000000000000e+01 2.333333333333333481e+00 -1.785918768423950597e-14
1.237500000000000000e+01 2.541666666666666963e+00 -1.056856436609326015e-14
1.237500000000000000e+01 2.750000000000000000e+00 -6.294548598669628635e-15
1.237500000000000000e+01 2.958333333333333481e+00 -3.770348626982904114e-15
1.237500000000000000e+01 3.166666666666666963e+00 -2.270119217499065239e-15
1.237500000000000000e+01 3.375000000000000000e+00 -1.372750269448747571e-15
1.237500000000000000e+01 3.583333333333333925e+00 -8.332525000593546089e-16
1.237500000000000000e+01 3.791666666666666963e+00 -5.074177020666359970e-16
1.237500000000000000e+01 4.000000000000000000e+00 -3.098480820605041880e-16
1.266666666666666785e+01 -1.000000000000000000e+00 -6.638316932247901943e-11
1.266666666666666785e+01 -7.916666666666666297e-01 -6.637683275429059551e-11
1.266666666666666785e+01 -5.833333333333332593e-01 -2.580499426564212101e-11
1.266666666666666785e+01 -3.750000000000000000e-01 -2.231315657550098938e-11
1.266666666666666785e+01 -1.666666666666666297e-01 -1.599350795364421063e-11
1.266666666666666785e+01 4.166666666666674068e-02 -1.007867709641939318e-11
1.266666666666666785e+01 2.500000000000000000e-01 -5.835588881573844984e-12
1.266666666666666785e+01 4.583333333333334814e-01 -3.304878815477992852e-12
1.266666666666666785e+01 6.666666666666667407e-01 -1.079905096436100329e-09
1.266666666666666785e+01 8.750000000000000000e-01 -8.226967311045962839e-10
1.266666666666666785e+01 1.083333333333333481e+00 -5.814401443049963640e-13
1.266666666666666785e+01 1.291666666666666963e+00 -3.289949161002701464e-13
1.266666666666666785e+01 1.500000000000000000e+00 -1.880012597292758438e-13
1.266666666666666785e+01 1.708333333333333481e+00 -1.084744066423604920e-13
1.266666666666666785e+01 1.916666666666666963e+00 -6.314931075913628456e-14
1.266666666666666785e+01 2.125000000000000000e+00 -3.705789797562284917e-14
1.266666666666666785e+01 2.333333333333333481e+00 -2.190180729254046788e-14
1.266666666666666785e+01 2.541666666666666963e+00 -1.302791618826862898e-14
1.266666666666666785e+01 2.750000000000000000e+00 -7.794105334554493174e-15
1.266666666666666785e+01 2.958333333333333481e+00 -4.686608533388337559e-15
1.266666666666666785e+01 3.166666666666666963e+00 -2.830565996051607294e-15
1.266666666666666785e+01 3.375000000000000000e+00 -1.716149702132760147e-15
1.266666666666666785e+01 3.583333333333333925e+00 -1.043938914475542351e-15
1.266666666666666785e+01 3.791666666666666963e+00 -6.368322556046245357e-16
1.266666666666666785e+01 4.000000000000000000e+00 -3.894248195210263826e-16
1.295833333333333393e+01 -1.000000000000000000e+00 -6.140851158851028493e-11
1.295833333333333393e+01 -7.916666666666666297e-01 -2.630995960896776883e-11
1.295833333333333393e+01 -5.833333333333332593e-01 -2.783131747207796626e-11
1.295833333333333393e+01 -3.750000000000000000e-01 -2.303822308780365215e-11
1.295833333333333393e+01 -1.666666666666666297e-01 -1.563068216909667272e-11
1.295833333333333393e+01 4.166666666666674068e-02 -9.098271228799000705e-12
1.295833333333333393e+01 2.500000000000000000e-01 -5.148858314941900347e-12
1.295833333333333393e+01 4.583333333333334814e-01 -4.789732032944189236e-09
1.295833333333333393e+01 6.666666666666667407e-01 -6.379687697502742983e-10
1.295833333333333393e+01 8.750000000000000000e-01 -8.815870023537345244e-13
1.295833333333333393e+01 1.083333333333333481e+00 -4.930343134711972161e-13
1.295833333333333393e+01 1.291666666666666963e+00 -2.785666109373859556e-13
1.295833333333333393e+01 1.500000000000000000e+00 -1.589880247529790577e-13
1.295833333333333393e+01 1.708333333333333481e+00 -9.161063077025146248e-14
1.295833333333333393e+01 1.916666666666666963e+00 -5.325540313586775979e-14
1.295833333333333393e+01 2.125000000000000000e+00 -3.121044994519982217e-14
1.295833333333333393e+01 2.333333333333333481e+00 -1.842712754216981218e-14
1.295833333333333393e+01 2.541666666666666963e+00 -1.095240709923969482e-14
1.295833333333333393e+01 2.750000000000000000e+00 -6.548316973492899807e-15
1.295833333333333393e+01 2.958333333333333481e+00 -3.935564164281218773e-15
1.295833333333333393e+01 3.166666666666666963e+00 -2.376055402788048850e-15
1.295833333333333393e+01 3.375000000000000000e+00 -1.440163440353840096e-15
1.295833333333333393e+01 3.583333333333333925e+00 -8.758513735905694086e-16
1.295833333333333393e+01 3.791666666666666963e+00 -5.341995954734056419e-16
1.295833333333333393e+01 4.000000000000000000e+00 -3.266181274278437925e-16
1.325000000000000000e+01 -1.000000000000000000e+00 -1.296925163629985426e-11
1.325000000000000000e+01 -7.916666666666666297e-01 -1.703078261632790647e-11
1.325000000000000000e+01 -5.833333333333332593e-01 -1.764861753733394245e-11
1.325000000000000000e+01 -3.750000000000000000e-01 -1.348585681005362690e-11
1.325000000000000000e+01 -1.666666666666666297e-01 -7.768895017651588054e-12
1.325000000000000000e+01 4.166666666666674068e-02 -4.334996452933009561e-12
1.325000000000000000e+01 2.500000000000000000e-01 -7.216009164969432456e-09
1.325000000000000000e+01 4.583333333333334814e-01 -1.275184191447252184e-12
1.325000000000000000e+01 6.666666666666667407e-01 -6.883508549291439016e-13
1.325000000000000000e+01 8.750000000000000000e-01 -3.744544192763203331e-13
1.325000000000000000e+01 1.083333333333333481e+00 -2.060353167461935355e-13
1.325000000000000000e+01 1.291666666666666963e+00 -1.147368988924732180e-13
1.325000000000000000e+01 1.500000000000000000e+00 -6.466839231052199678e-14
1.325000000000000000e+01 1.708333333333333481e+00 -3.686426709158912589e-14
1.325000000000000000e+01 1.916666666666666963e+00 -2.123916692764678031e-14
1.325000000000000000e+01 2.125000000000000000e+00 -1.235679743845312069e-14
1.325000000000000000e+01 2.333333333333333481e+00 -7.252754965719454615e-15
1.325000000000000000e+01 2.541666666666666963e+00 -4.290189201810329823e-15
1.325000000000000000e+01 2.750000000000000000e+00 -2.555196116399821938e-15
1.325000000000000000e+01 2.958333333333333481e+00 -1.531011480017812808e-15
1.325000000000000000e+01 3.166666666666666963e+00 -9.220575918186757042e-16
1.325000000000000000e+01 3.375000000000000000e+00 -5.578012432216371223e-16
1.325000000000000000e+01 3.583333333333333925e+00 -3.387034204462076211e-16
1.325000000000000000e+01 3.791666666666666963e+00 -2.063326052658066489e-16
1.325000000000000000e+01 4.000000000000000000e+00 -1.260333141881875502e-16
1.354166666666666785e+01 -1.000000000000000000e+00 -2.767238706400994077e-12
1.354166666666666785e+01 -7.916666666666666297e-01 -3.971842120273430791e-12
1.354166666666666785e+01 -5.833333333333332593e-01 -3.653282812954038517e-12
1.354166666666666785e+01 -3.750000000000000000e-01 -1.996290835872885498e-12
1.354166666666666785e+01 -1.666666666666666297e-01 -1.071687023523882414e-12
1.354166666666666785e+01 4.166666666666674068e-02 -4.999121755504005760e-09
1.354166666666666785e+01 2.500000000000000000e-01 -2.877207849441701439e-13
1.354166666666666785e+01 4.583333333333334814e-01 -1.477467344814785361e-13
1.354166666666666785e+01 6.666666666666667407e-01 -7.655162821108892601e-14
1.354166666666666785e+01 8.750000000000000000e-01 -4.026432648034483387e-14
1.354166666666666785e+01 1.083333333333333481e+00 -2.152337758790238920e-14
1.354166666666666785e+01 1.291666666666666963e+00 -1.169923593935769240e-14
1.354166666666666785e+01 1.500000000000000000e+00 -6.462178183380989163e-15
1.354166666666666785e+01 1.708333333333333481e+00 -3.623953654413255692e-15
1.354166666666666785e+01 1.916666666666666963e+00 -2.060099861301655315e-15
1.354166666666666785e+01 2.125000000000000000e+00 -1.185851040089204136e-15
1.354166666666666785e+01 2.333333333333333481e+00 -6.899082899784664788e-16
1.354166666666666785e+01 2.541666666666666963e+00 -4.053112016190086740e-16
1.354166666666666785e+01 2.750000000000000000e+00 -2.401421517183179264e-16
1.354166666666666785e+01 2.958333333333333481e+00 -1.432274343678270906e-16
1.354166666666666785e+01 3.166666666666666963e+00 -8.600779945079095102e-17
1.354166666666666785e+01 3.375000000000000000e+00 -5.187353546445222143e-17
1.354166666666666785e+01 3.583333333333333925e+00 -3.142450161656596028e-17
1.354166666666666785e+01 3.791666666666666963e+00 -1.911275270354356226e-17
1.354166666666666785e+01 4.000000000000000000e+00 -1.165966508038341612e-17
1.383333333333333393e+01 -1.000000000000000000e+00 -1.039430810086943365e-13
1.383333333333333393e+01 -7.916666666666666297e-01 -1.264390876541357900e-13
1.383333333333333393e+01 -5.833333333333332593e-01 -5.945600158178850256e-14
1.383333333333333393e+01 -3.750000000000000000e-01 -2.924417589195871105e-14
1.383333333333333393e+01 -1.666666666666666297e-01 -1.423642908543272122e-14
1.383333333333333393e+01 4.166666666666674068e-02 -6.849222297296444379e-15
1.383333333333333393e+01 2.500000000000000000e-01 -3.272144307170125950e-15
1.383333333333333393e+01 4.583333333333334814e-01 -1.587343765934970750e-15
1.383333333333333393e+01 6.666666666666667407e-01 -7.823988827890674854e-16
1.383333333333333393e+01 8.750000000000000000e-01 -3.966090045633833185e-16
1.383333333333333393e+01 1.083333333333333481e+00 -2.031743288549194772e-16
1.383333333333333393e+01 1.291666666666666963e+00 -1.079564492228668495e-16
1.383333333333333393e+01 1.500000000000000000e+00 -5.831637776851930641e-17
1.383333333333333393e+01 1.708333333333333481e+00 -3.200137446647107957e-17
1.383333333333333393e+01 1.916666666666666963e+00 -1.798388719441334690e-17
1.383333333333333393e+01 2.125000000000000000e+00 -1.020586959502838560e-17
1.383333333333333393e+01 2.333333333333333481e+00 -5.907398865717710448e-18
1.383333333333333393e+01 2.541666666666666963e+00 -3.441866858951013488e-18
1.383333333333333393e+01 2.750000000000000000e+00 -2.021324483760277679e-18
1.383333333333333393e+01 2.958333333333333481e+00 -1.201990392916524252e-18
1.383333333333333393e+01 3.166666666666666963e+00 -7.207876097023728515e-19
1.383333333333333393e+01 3.375000000000000000e+00 -4.338487040753682243e-19
1.383333333333333393e+01 3.583333333333333925e+00 -2.620764227246313270e-19
1.383333333333333393e+01 3.791666666666666963e+00 -1.599597951791833407e-19
1.383333333333333393e+01 4.000000000000000000e+00 -9.416290980318651915e-20
1.412500000000000000e+01 -1.000000000000000000e+00 -2.307807382395904678e-16
1.412500000000000000e+01 -7.916666666666666297e-01 -7.328160019369133527e-17
1.412500000000000000e+01 -5.833333333333332593e-01 -3.281068240464900563e-17
1.412500000000000000e+01 -3.750000000000000000e-01 -1.374325153653082009e-17
1.412500000000000000e+01 -1.666666666666666297e-01 -7.035189196740835970e-18
1.412500000000000000e+01 4.166666666666674068e-02 -3.077895125438068828e-18
1.412500000000000000e+01 2.500000000000000000e-01 -1.353255204783117916e-18
1.412500000000000000e+01 4.583333333333334814e-01 -6.136827664932208892e-19
1.412500000000000000e+01 6.666666666666667407e-01 9.859818961339162401e-19
1.412500000000000000e+01 8.750000000000000000e-01 -1.568285089952235605e-19
1.412500000000000000e+01 1.083333333333333481e+00 -5.612091759230230250e-20
1.412500000000000000e+01 1.291666666666666963e+00 -2.831136697939371242e-20
1.412500000000000000e+01 1.500000000000000000e+00 -2.170071752575714173e-20
1.412500000000000000e+01 1.708333333333333481e+00 -1.192899569163890047e-20
1.412500000000000000e+01 1.916666666666666963e+00 -1.055986060665318427e-20
1.412500000000000000e+01 2.125000000000000000e+00 9.245988953060469141e-22
1.412500000000000000e+01 2.333333333333333481e+00 -1.688763444270652581e-21
1.412500000000000000e+01 2.541666666666666963e+00 -1.131174005887181392e-21
1.412500000000000000e+01 2.750000000000000000e+00 -5.911172233020460562e-22
1.412500000000000000e+01 2.958333333333333481e+00 6.122796794055275754e-22
1.412500000000000000e+01 3.166666666666666963e+00 -2.078345317290699504e-22
1.412500000000000000e+01 3.375000000000000000e+00 -1.808588799473995764e-21
1.412500000000000000e+01 3.583333333333333925e+00 -7.932169692579968224e-23
1.412500000000000000e+01 3.791666666666666963e+00 -2.452599332635954868e-23
1.412500000000000000e+01 4.000000000000000000e+00 -2.778571128428963534e-23
1.441666666666666785e+01 -1.000000000000000000e+00 -1.159996373247197847e-19
1.441666666666666785e+01 -7.916666666666666297e-01 8.577916140235441148e-20
1.441666666666666785e+01 -5.833333333333332593e-01 3.933693402253919885e-20
1.441666666666666785e+01 -3.750000000000000000e-01 1.897117459040566772e-20
1.441666666666666785e+01 -1.666666666666666297e-01 4.026963490543943619e-20
1.441666666666666785e+01 4.166666666666674068e-02 -5.906363097803303378e-20
1.441666666666666785e+01 2.500000000000000000e-01 2.361995357178292063e-18
1.441666666666666785e+01 4.583333333333334814e-01 -1.332935396188141083e-17
1.441666666666666785e+01 6.666666666666667407e-01 4.160860401589280992e-19
1.441666666666666785e+01 8.750000000000000000e-01 -7.842723543338806297e-18
1.441666666666666785e+01 1.083333333333333481e+00 -2.082447625173851621e-18
1.441666666666666785e+01 1.291666666666666963e+00 2.067915417939850089e-19
1.441666666666666785e+01 1.500000000000000000e+00 -2.578289551333580938e-19
1.441666666666666785e+01 1.708333333333333481e+00 3.733719655963711189e-19
1.441666666666666785e+01 1.916666666666666963e+00 -3.993676076131943532e-20
1.441666666666666785e+01 2.125000000000000000e+00 1.230089056560161580e-20
1.441666666666666785e+01 2.333333333333333481e+00 4.681744333141767421e-21
1.441666666666666785e+01 2.541666666666666963e+00 1.907491299309528763e-20
1.441666666666666785e+01 2.750000000000000000e+00 1.249414274397212349e-21
1.441666666666666785e+01 2.958333333333333481e+00 -9.234016718400283246e-20
1.441666666666666785e+01 3.166666666666666963e+00 -2.509918731431307048e-20
1.441666666666666785e+01 3.375000000000000000e+00 -1.863163919004166525e-20
1.441666666666666785e+01 3.583333333333333925e+00 1.139690290111303103e-21
1.441666666666666785e+01 3.791666666666666963e+00 -1.268459421304897258e-20
1.441666666666666785e+01 4.000000000000000000e+00 -4.553160553293549734e-22
1.470833333333333393e+01 -1.000000000000000000e+00 -4.733984473029269629e-20
1.470833333333333393e+01 -7.916666666666666297e-01 -3.730817518648981893e-20
1.470833333333333393e+01 -5.833333333333332593e-01 -9.700110243488700748e-21
1.470833333333333393e+01 -3.750000000000000000e-01 7.567780185425955921e-20
1.470833333333333393e+01 -1.666666666666666297e-01 -1.115154886920620739e-17
1.470833333333333393e+01 4.166666666666674068e-02 -1.352374486268557483e-17
1.470833333333333393e+01 2.500000000000000000e-01 -1.889070454416357280e-17
1.470833333333333393e+01 4.583333333333334814e-01 6.051504200269705681e-17
1.470833333333333393e+01 6.666666666666667407e-01 -3.933643315003500301e-19
1.470833333333333393e+01 8.750000000000000000e-01 3.045655316756561955e-17
1.470833333333333393e+01 1.083333333333333481e+00 2.265207029496597534e-17
1.470833333333333393e+01 1.291666666666666963e+00 -8.837726286576028394e-19
1.470833333333333393e+01 1.500000000000000000e+00 -6.303082365831723099e-20
1.470833333333333393e+01 1.708333333333333481e+00 -1.024369302670671376e-18
1.470833333333333393e+01 1.916666666666666963e+00 -4.455919858134221291e-18
1.470833333333333393e+01 2.125000000000000000e+00 -1.177811122233970068e-20
1.470833333333333393e+01 2.333333333333333481e+00 1.096111714141299425e-18
1.470833333333333393e+01 2.541666666666666963e+00 5.467314902884128189e-19
1.470833333333333393e+01 2.750000000000000000e+00 4.413336443405669148e-19
1.470833333333333393e+01 2.958333333333333481e+00 8.915580613306244171e-21
1.470833333333333393e+01 3.166666666666666963e+00 1.491441880772179489e-19
1.470833333333333393e+01 3.375000000000000000e+00 -2.752354088715783546e-21
1.470833333333333393e+01 3.583333333333333925e+00 4.784124020593856600e-20
1.470833333333333393e+01 3.791666666666666963e+00 2.339648458468807519e-21
1.470833333333333393e+01 4.000000000000000000e+00 3.846426931730424055e-22
1.500000000000000000e+01 -1.000000000000000000e+00 -3.039116692920424587e-20
1.500000000000000000e+01 -7.916666666666666297e-01 2.727790867948853913e-19
1.500000000000000000e+01 -5.833333333333332593e-01 1.484784951208640233e-19
1.500000000000000000e+01 -3.750000000000000000e-01 -3.535786289360056232e-19
1.500000000000000000e+01 -1.666666666666666297e-01 9.192529778461877208e-19
1.500000000000000000e+01 4.166666666666674068e-02 -2.219991314407226697e-18
1.500000000000000000e+01 2.500000000000000000e-01 5.710505834434548139e-17
1.500000000000000000e+01 4.583333333333334814e-01 -1.785289326636657634e-17
1.500000000000000000e+01 6.666666666666667407e-01 2.556991584942970581e-18
1.500000000000000000e+01 8.750000000000000000e-01 -1.654320500253950559e-17
1.500000000000000000e+01 1.083333333333333481e+00 -1.303808144143983260e-18
1.500000000000000000e+01 1.291666666666666963e+00 3.066470774156486549e-18
1.500000000000000000e+01 1.500000000000000000e+00 2.586000490084498745e-19
1.500000000000000000e+01 1.708333333333333481e+00 -5.683178750850182801e-19
1.500000000000000000e+01 1.916666666666666963e+00 -6.820744188130941089e-20
1.500000000000000000e+01 2.125000000000000000e+00 3.047245420237512152e-20
1.500000000000000000e+01 2.333333333333333481e+00 1.147269638211681097e-20
1.500000000000000000e+01 2.541666666666666963e+00 1.432451090864709151e-19
1.500000000000000000e+01 2.750000000000000000e+00 2.093651899598119457e-19
1.500000000000000000e+01 2.958333333333333481e+00 -1.550279309190425502e-20
1.500000000000000000e+01 3.166666666666666963e+00 -1.496088365038947058e-20
1.500000000000000000e+01 3.375000000000000000e+00 4.535773535779115422e-21
1.500000000000000000e+01 3.583333333333333925e+00 -8.499035363478898320e-21
1.500000000000000000e+01 3.791666666666666963e+00 4.309858567350162980e-21
1.500000000000000000e+01 4.000000000000000000e+00 7.956824917364385219e-23
