8.000000000000000000e+00 -1.000000000000000000e+00 -3.165260122188476917e-15
8.000000000000000000e+00 -7.916666666666666297e-01 -3.165918689495940973e-15
8.000000000000000000e+00 -5.833333333333332593e-01 -3.164374737712740914e-15
8.000000000000000000e+00 -3.750000000000000000e-01 -3.164855521594197501e-15
8.000000000000000000e+00 -1.666666666666666297e-01 -3.164565023292336405e-15
8.000000000000000000e+00 4.166666666666674068e-02 -3.164320157337855245e-15
8.000000000000000000e+00 2.500000000000000000e-01 -3.164578125099186028e-15
8.000000000000000000e+00 4.583333333333334814e-01 -3.164562597440819475e-15
8.000000000000000000e+00 6.666666666666667407e-01 -3.164105059757475519e-15
8.000000000000000000e+00 8.750000000000000000e-01 -3.164660700879463065e-15
8.000000000000000000e+00 1.083333333333333481e+00 -3.164361113062471833e-15
8.000000000000000000e+00 1.291666666666666963e+00 -3.164044970923977325e-15
8.000000000000000000e+00 1.500000000000000000e+00 -3.164721029385348860e-15
8.000000000000000000e+00 1.708333333333333481e+00 -3.165036013296744564e-15
8.000000000000000000e+00 1.916666666666666963e+00 -3.164224668609827422e-15
8.000000000000000000e+00 2.125000000000000000e+00 -3.164768480979089020e-15
8.000000000000000000e+00 2.333333333333333481e+00 -3.167047857370030482e-15
8.000000000000000000e+00 2.541666666666666963e+00 -4.456313570723301611e-16
8.000000000000000000e+00 2.750000000000000000e+00 -1.160273208678081062e-16
8.000000000000000000e+00 2.958333333333333481e+00 -1.599856832807068822e-17
8.000000000000000000e+00 3.166666666666666963e+00 -7.562985705867400983e-18
8.000000000000000000e+00 3.375000000000000000e+00 -5.389503331797276202e-18
8.000000000000000000e+00 3.583333333333333925e+00 -3.078073820142796827e-18
8.000000000000000000e+00 3.791666666666666963e+00 -1.685132998768901151e-18
8.000000000000000000e+00 4.000000000000000000e+00 -9.149755048188170871e-19
8.291666666666666075e+00 -1.000000000000000000e+00 -6.195097643920783513e-15
8.291666666666666075e+00 -7.916666666666666297e-01 -6.195588839739460122e-15
8.291666666666666075e+00 -5.833333333333332593e-01 -6.193261540913990515e-15
8.291666666666666075e+00 -3.750000000000000000e-01 -6.193002800298949630e-15
8.291666666666666075e+00 -1.666666666666666297e-01 -6.193569761677996508e-15
8.291666666666666075e+00 4.166666666666674068e-02 -6.193805204267024009e-15
8.291666666666666075e+00 2.500000000000000000e-01 -6.194271433787143822e-15
8.291666666666666075e+00 4.583333333333334814e-01 -6.194140611185454411e-15
8.291666666666666075e+00 6.666666666666667407e-01 -6.193746172926718938e-15
8.291666666666666075e+00 8.750000000000000000e-01 -6.194862567129623276e-15
8.291666666666666075e+00 1.083333333333333481e+00 -6.194359067075235193e-15
8.291666666666666075e+00 1.291666666666666963e+00 -6.194387952433402820e-15
8.291666666666666075e+00 1.500000000000000000e+00 -6.194552641287586625e-15
8.291666666666666075e+00 1.708333333333333481e+00 -6.193964686211295247e-15
8.291666666666666075e+00 1.916666666666666963e+00 -6.193887792361779102e-15
8.291666666666666075e+00 2.125000000000000000e+00 -6.193895888596537444e-15
8.291666666666666075e+00 2.333333333333333481e+00 -9.176812241605491793e-16
8.291666666666666075e+00 2.541666666666666963e+00 -2.526754753673386736e-16
8.291666666666666075e+00 2.750000000000000000e+00 -3.871803860670136346e-17
8.291666666666666075e+00 2.958333333333333481e+00 -1.923572077553239100e-17
8.291666666666666075e+00 3.166666666666666963e+00 -1.343489838541901896e-17
8.291666666666666075e+00 3.375000000000000000e+00 -7.657068445133366495e-18
8.291666666666666075e+00 3.583333333333333925e+00 -4.194317543900919059e-18
8.291666666666666075e+00 3.791666666666666963e+00 -2.279555369393436327e-18
8.291666666666666075e+00 4.000000000000000000e+00 -1.237108978979213237e-18
8.583333333333333925e+00 -1.000000000000000000e+00 -1.212622482249083223e-14
8.583333333333333925e+00 -7.916666666666666297e-01 -1.212451803752723069e-14
8.583333333333333925e+00 -5.833333333333332593e-01 -1.212351167300186044e-14
8.583333333333333925e+00 -3.750000000000000000e-01 -1.212092006554107076e-14
8.583333333333333925e+00 -1.666666666666666297e-01 -1.212254963442116759e-14
8.583333333333333925e+00 4.166666666666674068e-02 -1.212286103430598517e-14
8.583333333333333925e+00 2.500000000000000000e-01 -1.212342453060109314e-14
8.583333333333333925e+00 4.583333333333334814e-01 -1.212291443681496502e-14
8.583333333333333925e+00 6.666666666666667407e-01 -1.212263796754296459e-14
8.583333333333333925e+00 8.750000000000000000e-01 -1.212200723738880536e-14
8.583333333333333925e+00 1.083333333333333481e+00 -1.212381247657913429e-14
8.583333333333333925e+00 1.291666666666666963e+00 -1.212224478563805936e-14
8.583333333333333925e+00 1.500000000000000000e+00 -1.212342217637306890e-14
8.583333333333333925e+00 1.708333333333333481e+00 -1.212268080712314404e-14
8.583333333333333925e+00 1.916666666666666963e+00 -1.212196302208445579e-14
8.583333333333333925e+00 2.125000000000000000e+00 -1.863133763099365548e-15
8.583333333333333925e+00 2.333333333333333481e+00 -5.497399852426236750e-16
8.583333333333333925e+00 2.541666666666666963e+00 -9.414973738266721714e-17
8.583333333333333925e+00 2.750000000000000000e+00 -4.901801306288389652e-17
8.583333333333333925e+00 2.958333333333333481e+00 -3.356438859597015238e-17
8.583333333333333925e+00 3.166666666666666963e+00 -1.908831585035318050e-17
8.583333333333333925e+00 3.375000000000000000e+00 -1.046021202986626109e-17
8.583333333333333925e+00 3.583333333333333925e+00 -5.689513188300165397e-18
8.583333333333333925e+00 3.791666666666666963e+00 -3.090028780972714414e-18
8.583333333333333925e+00 4.000000000000000000e+00 -1.677158001721242604e-18
8.875000000000000000e+00 -1.000000000000000000e+00 -2.373076475378450321e-14
8.875000000000000000e+00 -7.916666666666666297e-01 -2.372676176532601914e-14
8.875000000000000000e+00 -5.833333333333332593e-01 -2.373006445908412743e-14
8.875000000000000000e+00 -3.750000000000000000e-01 -2.372639601024105762e-14
8.875000000000000000e+00 -1.666666666666666297e-01 -2.372535676502809846e-14
8.875000000000000000e+00 4.166666666666674068e-02 -2.373109757151938697e-14
8.875000000000000000e+00 2.500000000000000000e-01 -2.372300266416413900e-14
8.875000000000000000e+00 4.583333333333334814e-01 -2.372546576086105678e-14
8.875000000000000000e+00 6.666666666666667407e-01 -2.372810812073917220e-14
8.875000000000000000e+00 8.750000000000000000e-01 -2.372703934018610176e-14
8.875000000000000000e+00 1.083333333333333481e+00 -2.372833039296696215e-14
8.875000000000000000e+00 1.291666666666666963e+00 -2.372799016951938255e-14
8.875000000000000000e+00 1.500000000000000000e+00 -2.372640359789431655e-14
8.875000000000000000e+00 1.708333333333333481e+00 -2.372868731739266632e-14
8.875000000000000000e+00 1.916666666666666963e+00 -3.739249824559706950e-15
8.875000000000000000e+00 2.125000000000000000e+00 -1.195887804287305778e-15
8.875000000000000000e+00 2.333333333333333481e+00 -2.303792256728839553e-16
8.875000000000000000e+00 2.541666666666666963e+00 -1.251116506921761892e-16
8.875000000000000000e+00 2.750000000000000000e+00 -8.400901838969829562e-17
8.875000000000000000e+00 2.958333333333333481e+00 -4.767204802200331967e-17
8.875000000000000000e+00 3.166666666666666963e+00 -2.613176038149285273e-17
8.875000000000000000e+00 3.375000000000000000e+00 -1.422339203462774450e-17
8.875000000000000000e+00 3.583333333333333925e+00 -7.729769155458883413e-18
8.875000000000000000e+00 3.791666666666666963e+00 -4.196833859091367326e-18
8.875000000000000000e+00 4.000000000000000000e+00 -2.274051424797802358e-18
9.166666666666666075e+00 -1.000000000000000000e+00 -4.644657473050638247e-14
9.166666666666666075e+00 -7.916666666666666297e-01 -4.644018256389835569e-14
9.166666666666666075e+00 -5.833333333333332593e-01 -4.644122430709572115e-14
9.166666666666666075e+00 -3.750000000000000000e-01 -4.643585279917938674e-14
9.166666666666666075e+00 -1.666666666666666297e-01 -4.643985042616214021e-14
9.166666666666666075e+00 4.166666666666674068e-02 -4.644233725765310186e-14
9.166666666666666075e+00 2.500000000000000000e-01 -4.643559587489292692e-14
9.166666666666666075e+00 4.583333333333334814e-01 -4.643781262910891520e-14
9.166666666666666075e+00 6.666666666666667407e-01 -4.643592687428289483e-14
9.166666666666666075e+00 8.750000000000000000e-01 -4.643876670749975117e-14
9.166666666666666075e+00 1.083333333333333481e+00 -4.643934189939027741e-14
9.166666666666666075e+00 1.291666666666666963e+00 -4.643726775797139225e-14
9.166666666666666075e+00 1.500000000000000000e+00 -4.643613573250773402e-14
9.166666666666666075e+00 1.708333333333333481e+00 -7.544842564314248025e-15
9.166666666666666075e+00 1.916666666666666963e+00 -2.605017264060899722e-15
9.166666666666666075e+00 2.125000000000000000e+00 -5.683697094621305322e-16
9.166666666666666075e+00 2.333333333333333481e+00 -3.197783894353787093e-16
9.166666666666666075e+00 2.541666666666666963e+00 -2.106056040333318308e-16
9.166666666666666075e+00 2.750000000000000000e+00 -1.192526410808908848e-16
9.166666666666666075e+00 2.958333333333333481e+00 -6.538575591018242571e-17
9.166666666666666075e+00 3.166666666666666963e+00 -3.561163409753411641e-17
9.166666666666666075e+00 3.375000000000000000e+00 -1.936386314542260692e-17
9.166666666666666075e+00 3.583333333333333925e+00 -1.051509759907476447e-17
9.166666666666666075e+00 3.791666666666666963e+00 -5.694559061769761486e-18
9.166666666666666075e+00 4.000000000000000000e+00 -3.072576193870080408e-18
9.458333333333333925e+00 -1.000000000000000000e+00 -9.088777942977948064e-14
9.458333333333333925e+00 -7.916666666666666297e-01 -9.086832247329891781e-14
9.458333333333333925e+00 -5.833333333333332593e-01 -9.086723263753845254e-14
9.458333333333333925e+00 -3.750000000000000000e-01 -9.087425930754516598e-14
9.458333333333333925e+00 -1.666666666666666297e-01 -9.087742077896852386e-14
9.458333333333333925e+00 4.166666666666674068e-02 -9.087085675621513274e-14
9.458333333333333925e+00 2.500000000000000000e-01 -9.087048716167646440e-14
9.458333333333333925e+00 4.583333333333334814e-01 -9.087773531987449922e-14
9.458333333333333925e+00 6.666666666666667407e-01 -9.086297196486903117e-14
9.458333333333333925e+00 8.750000000000000000e-01 -9.087456148948175564e-14
9.458333333333333925e+00 1.083333333333333481e+00 -9.087778976835478832e-14
9.458333333333333925e+00 1.291666666666666963e+00 -9.086175664057541697e-14
9.458333333333333925e+00 1.500000000000000000e+00 -1.601536372710593212e-14
9.458333333333333925e+00 1.708333333333333481e+00 -5.689270391007258801e-15
9.458333333333333925e+00 1.916666666666666963e+00 -1.415196786594452947e-15
9.458333333333333925e+00 2.125000000000000000e+00 -8.183856796192655146e-16
9.458333333333333925e+00 2.333333333333333481e+00 -5.287466084508689563e-16
9.458333333333333925e+00 2.541666666666666963e+00 -2.987681605004099781e-16
9.458333333333333925e+00 2.750000000000000000e+00 -1.638562896750679137e-16
9.458333333333333925e+00 2.958333333333333481e+00 -8.929727845323565595e-17
9.458333333333333925e+00 3.166666666666666963e+00 -4.857881340244907015e-17
9.458333333333333925e+00 3.375000000000000000e+00 -2.637934991938888307e-17
9.458333333333333925e+00 3.583333333333333925e+00 -1.427758761873258358e-17
9.458333333333333925e+00 3.791666666666666963e+00 -6.006756914140707120e-14
9.458333333333333925e+00 4.000000000000000000e+00 -2.692168089661624180e-14
9.750000000000000000e+00 -1.000000000000000000e+00 -1.777980135598988442e-13
9.750000000000000000e+00 -7.916666666666666297e-01 -1.777789345158351648e-13
9.750000000000000000e+00 -5.833333333333332593e-01 -1.777674552713854875e-13
9.750000000000000000e+00 -3.750000000000000000e-01 -1.777490907759231317e-13
9.750000000000000000e+00 -1.666666666666666297e-01 -1.777719586493032546e-13
9.750000000000000000e+00 4.166666666666674068e-02 -1.777813137564103588e-13
9.750000000000000000e+00 2.500000000000000000e-01 -1.777779909890614555e-13
9.750000000000000000e+00 4.583333333333334814e-01 -1.777746039401986261e-13
9.750000000000000000e+00 6.666666666666667407e-01 -1.777888316785788650e-13
9.750000000000000000e+00 8.750000000000000000e-01 -1.778033954708383442e-13
9.750000000000000000e+00 1.083333333333333481e+00 -1.777825010393516370e-13
9.750000000000000000e+00 1.291666666666666963e+00 -3.810290198851722508e-14
9.750000000000000000e+00 1.500000000000000000e+00 -1.248067627531818052e-14
9.750000000000000000e+00 1.708333333333333481e+00 -3.557994511355450818e-15
9.750000000000000000e+00 1.916666666666666963e+00 -2.096915314590314770e-15
9.750000000000000000e+00 2.125000000000000000e+00 -1.329317412653383892e-15
9.750000000000000000e+00 2.333333333333333481e+00 -7.496467580131087139e-16
9.750000000000000000e+00 2.541666666666666963e+00 -4.112689518155128044e-16
9.750000000000000000e+00 2.750000000000000000e+00 -2.242761728761104565e-16
9.750000000000000000e+00 2.958333333333333481e+00 -1.220634409732182680e-16
9.750000000000000000e+00 3.166666666666666963e+00 -6.627569515401860853e-17
9.750000000000000000e+00 3.375000000000000000e+00 -3.585935914775432125e-17
9.750000000000000000e+00 3.583333333333333925e+00 -1.365523100862232890e-13
9.750000000000000000e+00 3.791666666666666963e+00 -4.232859027477581218e-14
9.750000000000000000e+00 4.000000000000000000e+00 -3.798196941001147939e-15
1.004166666666666785e+01 -1.000000000000000000e+00 -3.476570685208166251e-13
1.004166666666666785e+01 -7.916666666666666297e-01 -3.476574740698227404e-13
1.004166666666666785e+01 -5.833333333333332593e-01 -3.476280325995651911e-13
1.004166666666666785e+01 -3.750000000000000000e-01 -3.476079566872507835e-13
1.004166666666666785e+01 -1.666666666666666297e-01 -3.476433730169551965e-13
1.004166666666666785e+01 4.166666666666674068e-02 -3.476347360052325430e-13
1.004166666666666785e+01 2.500000000000000000e-01 -3.476822990741341289e-13
1.004166666666666785e+01 4.583333333333334814e-01 -3.476712328866560317e-13
1.004166666666666785e+01 6.666666666666667407e-01 -3.476419058618402578e-13
1.004166666666666785e+01 8.750000000000000000e-01 -3.476559662149366891e-13
1.004166666666666785e+01 1.083333333333333481e+00 -1.033639694844853867e-13
1.004166666666666785e+01 1.291666666666666963e+00 -2.757934632533065049e-14
1.004166666666666785e+01 1.500000000000000000e+00 -9.025614675236991458e-15
1.004166666666666785e+01 1.708333333333333481e+00 -5.378010539665422691e-15
1.004166666666666785e+01 1.916666666666666963e+00 -3.346677024818719295e-15
1.004166666666666785e+01 2.125000000000000000e+00 -1.883924702160529086e-15
1.004166666666666785e+01 2.333333333333333481e+00 -1.034031542552831869e-15
1.004166666666666785e+01 2.541666666666666963e+00 -5.643044407537141033e-16
1.004166666666666785e+01 2.750000000000000000e+00 -3.072692678062951111e-16
1.004166666666666785e+01 2.958333333333333481e+00 -1.668276416383732550e-16
1.004166666666666785e+01 3.166666666666666963e+00 -4.029182285381173944e-13
1.004166666666666785e+01 3.375000000000000000e+00 -2.964833701232392095e-13
1.004166666666666785e+01 3.583333333333333925e+00 -7.733677314763060622e-14
1.004166666666666785e+01 3.791666666666666963e+00 -1.437200475966342346e-17
1.004166666666666785e+01 4.000000000000000000e+00 -7.846641533968888363e-18
1.033333333333333393e+01 -1.000000000000000000e+00 -6.792493165831337113e-13
1.033333333333333393e+01 -7.916666666666666297e-01 -6.793382981252472841e-13
1.033333333333333393e+01 -5.833333333333332593e-01 -6.792970724703580653e-13
1.033333333333333393e+01 -3.750000000000000000e-01 -6.793253904327402430e-13
1.033333333333333393e+01 -1.666666666666666297e-01 -6.792879667432523267e-13
1.033333333333333393e+01 4.166666666666674068e-02 -6.793164797570030783e-13
1.033333333333333393e+01 2.500000000000000000e-01 -6.792147626255112420e-13
1.033333333333333393e+01 4.583333333333334814e-01 -6.793480907279587797e-13
1.033333333333333393e+01 6.666666666666667407e-01 -6.792976792364454064e-13
1.033333333333333393e+01 8.750000000000000000e-01 -2.973277692613303801e-13
1.033333333333333393e+01 1.083333333333333481e+00 -6.155132147530483458e-14
1.033333333333333393e+01 1.291666666666666963e+00 -2.304685532035219327e-14
1.033333333333333393e+01 1.500000000000000000e+00 -1.380461495958206858e-14
1.033333333333333393e+01 1.708333333333333481e+00 -8.437644520494012657e-15
1.033333333333333393e+01 1.916666666666666963e+00 -4.742594157825215855e-15
1.033333333333333393e+01 2.125000000000000000e+00 -2.604906516389981391e-15
1.033333333333333393e+01 2.333333333333333481e+00 -1.422899451705920985e-15
1.033333333333333393e+01 2.541666666666666963e+00 -7.752360590404124080e-16
1.033333333333333393e+01 2.750000000000000000e+00 -4.210427617424055769e-16
1.033333333333333393e+01 2.958333333333333481e+00 -1.133610516819934943e-12
1.033333333333333393e+01 3.166666666666666963e+00 -6.062264435958551147e-13
1.033333333333333393e+01 3.375000000000000000e+00 -1.031129741907946398e-13
1.033333333333333393e+01 3.583333333333333925e+00 -3.675254664258284491e-17
1.033333333333333393e+01 3.791666666666666963e+00 -2.019605067186127402e-17
1.033333333333333393e+01 4.000000000000000000e+00 -1.117188347585050193e-17
1.062500000000000000e+01 -1.000000000000000000e+00 -1.324907139163605836e-12
1.062500000000000000e+01 -7.916666666666666297e-01 -1.324835986777741819e-12
1.062500000000000000e+01 -5.833333333333332593e-01 -1.324633647301513959e-12
1.062500000000000000e+01 -3.750000000000000000e-01 -1.324885298256409428e-12
1.062500000000000000e+01 -1.666666666666666297e-01 -1.324830136855819364e-12
1.062500000000000000e+01 4.166666666666674068e-02 -1.324688550957468076e-12
1.062500000000000000e+01 2.500000000000000000e-01 -1.324840948062439659e-12
1.062500000000000000e+01 4.583333333333334814e-01 -1.324824469099433885e-12
1.062500000000000000e+01 6.666666666666667407e-01 -8.217317978536721993e-13
1.062500000000000000e+01 8.750000000000000000e-01 -1.391369240063264871e-13
1.062500000000000000e+01 1.083333333333333481e+00 -5.908642776195548202e-14
1.062500000000000000e+01 1.291666666666666963e+00 -3.544432284382878012e-14
1.062500000000000000e+01 1.500000000000000000e+00 -2.130408169312029213e-14
1.062500000000000000e+01 1.708333333333333481e+00 -1.196165870567399234e-14
1.062500000000000000e+01 1.916666666666666963e+00 -6.577138790691535625e-15
1.062500000000000000e+01 2.125000000000000000e+00 -3.597099416345610654e-15
1.062500000000000000e+01 2.333333333333333481e+00 -1.961539267570564844e-15
1.062500000000000000e+01 2.541666666666666963e+00 -1.066600251256119362e-15
1.062500000000000000e+01 2.750000000000000000e+00 -2.510834892544122444e-12
1.062500000000000000e+01 2.958333333333333481e+00 -1.085052014443436067e-12
1.062500000000000000e+01 3.166666666666666963e+00 -3.079637169098464397e-14
1.062500000000000000e+01 3.375000000000000000e+00 -9.488677860484847209e-17
1.062500000000000000e+01 3.583333333333333925e+00 -5.256518549911048374e-17
1.062500000000000000e+01 3.791666666666666963e+00 -2.932816313268529687e-17
1.062500000000000000e+01 4.000000000000000000e+00 -1.647336487732416114e-17
1.091666666666666785e+01 -1.000000000000000000e+00 -2.575406043206602283e-12
1.091666666666666785e+01 -7.916666666666666297e-01 -2.574991928984031427e-12
1.091666666666666785e+01 -5.833333333333332593e-01 -2.575087252920991751e-12
1.091666666666666785e+01 -3.750000000000000000e-01 -2.575031293515587116e-12
1.091666666666666785e+01 -1.666666666666666297e-01 -2.575373087191854145e-12
1.091666666666666785e+01 4.166666666666674068e-02 -2.575268971654177616e-12
1.091666666666666785e+01 2.500000000000000000e-01 -2.575288426593772997e-12
1.091666666666666785e+01 4.583333333333334814e-01 -2.044541625311940612e-12
1.091666666666666785e+01 6.666666666666667407e-01 -3.191006024010895025e-13
1.091666666666666785e+01 8.750000000000000000e-01 -1.515295554670651016e-13
1.091666666666666785e+01 1.083333333333333481e+00 -9.092781125060511158e-14
1.091666666666666785e+01 1.291666666666666963e+00 -5.386054277007397508e-14
1.091666666666666785e+01 1.500000000000000000e+00 -3.022887053467809740e-14
1.091666666666666785e+01 1.708333333333333481e+00 -1.664880308671543218e-14
1.091666666666666785e+01 1.916666666666666963e+00 -9.120827839012255365e-15
1.091666666666666785e+01 2.125000000000000000e+00 -4.981232248193825921e-15
1.091666666666666785e+01 2.333333333333333481e+00 -9.247005629248995469e-12
1.091666666666666785e+01 2.541666666666666963e+00 -5.312880295532450874e-12
1.091666666666666785e+01 2.750000000000000000e+00 -1.558853645615516696e-12
1.091666666666666785e+01 2.958333333333333481e+00 -4.468725589307780617e-16
1.091666666666666785e+01 3.166666666666666963e+00 -2.478732786835086142e-16
1.091666666666666785e+01 3.375000000000000000e+00 -1.386515898789174483e-16
1.091666666666666785e+01 3.583333333333333925e+00 -7.815745425276215632e-17
1.091666666666666785e+01 3.791666666666666963e+00 -4.438976124241731351e-17
1.091666666666666785e+01 4.000000000000000000e+00 -2.540045031160081514e-17
1.120833333333333393e+01 -1.000000000000000000e+00 -4.973268528951359219e-12
1.120833333333333393e+01 -7.916666666666666297e-01 -4.971754392910914132e-12
1.120833333333333393e+01 -5.833333333333332593e-01 -4.972238193904697914e-12
1.120833333333333393e+01 -3.750000000000000000e-01 -4.972531694359008884e-12
1.120833333333333393e+01 -1.666666666666666297e-01 -4.972890377687347082e-12
1.120833333333333393e+01 4.166666666666674068e-02 -4.972555084616266994e-12
1.120833333333333393e+01 2.500000000000000000e-01 -4.548654184289361060e-12
1.120833333333333393e+01 4.583333333333334814e-01 -7.406329886544951868e-13
1.120833333333333393e+01 6.666666666666667407e-01 -3.871614746472129026e-13
1.120833333333333393e+01 8.750000000000000000e-01 -2.325888689868635771e-13
1.120833333333333393e+01 1.083333333333333481e+00 -1.362482024342743736e-13
1.120833333333333393e+01 1.291666666666666963e+00 -7.651366302386035117e-14
1.120833333333333393e+01 1.500000000000000000e+00 -4.224419308585332985e-14
1.120833333333333393e+01 1.708333333333333481e+00 -2.319822507702052835e-14
1.120833333333333393e+01 1.916666666666666963e+00 -1.270239800418928316e-14
1.120833333333333393e+01 2.125000000000000000e+00 -2.102907972759849918e-11
1.120833333333333393e+01 2.333333333333333481e+00 -1.039341239796825338e-11
1.120833333333333393e+01 2.541666666666666963e+00 -1.246470086308012430e-12
1.120833333333333393e+01 2.750000000000000000e+00 -1.170120249164074593e-15
1.120833333333333393e+01 2.958333333333333481e+00 -6.559261447491923197e-16
1.120833333333333393e+01 3.166666666666666963e+00 -3.710006052892631190e-16
1.120833333333333393e+01 3.375000000000000000e+00 -2.115911710280230106e-16
1.120833333333333393e+01 3.583333333333333925e+00 -1.216531088343657127e-16
1.120833333333333393e+01 3.791666666666666963e+00 -7.049300553388179660e-17
1.120833333333333393e+01 4.000000000000000000e+00 -4.116391786736347335e-17
1.150000000000000000e+01 -1.000000000000000000e+00 -9.477642776760734289e-12
1.150000000000000000e+01 -7.916666666666666297e-01 -9.478204476195158755e-12
1.150000000000000000e+01 -5.833333333333332593e-01 -9.476561717307927070e-12
1.150000000000000000e+01 -3.750000000000000000e-01 -9.476838449621918431e-12
1.150000000000000000e+01 -1.666666666666666297e-01 -9.477221132986769828e-12
1.150000000000000000e+01 4.166666666666674068e-02 -9.272668456769035262e-12
1.150000000000000000e+01 2.500000000000000000e-01 -1.724776044440710539e-12
1.150000000000000000e+01 4.583333333333334814e-01 -9.792199200951448102e-13
1.150000000000000000e+01 6.666666666666667407e-01 -5.909967708596201072e-13
1.150000000000000000e+01 8.750000000000000000e-01 -3.440975089506598234e-13
1.150000000000000000e+01 1.083333333333333481e+00 -1.936346816452767730e-13
1.150000000000000000e+01 1.291666666666666963e+00 -1.072869770116873068e-13
1.150000000000000000e+01 1.500000000000000000e+00 -5.911409749242869992e-14
1.150000000000000000e+01 1.708333333333333481e+00 -3.250053283712775022e-14
1.150000000000000000e+01 1.916666666666666963e+00 -4.562563521170566136e-11
1.150000000000000000e+01 2.125000000000000000e+00 -1.745597280461625144e-11
1.150000000000000000e+01 2.333333333333333481e+00 -5.510976931965861124e-15
1.150000000000000000e+01 2.541666666666666963e+00 -3.094561629104914281e-15
1.150000000000000000e+01 2.750000000000000000e+00 -1.755127991748682317e-15
1.150000000000000000e+01 2.958333333333333481e+00 -1.004620518942830588e-15
1.150000000000000000e+01 3.166666666666666963e+00 -5.800195838409896643e-16
1.150000000000000000e+01 3.375000000000000000e+00 -3.376114883919635522e-16
1.150000000000000000e+01 3.583333333333333925e+00 -1.980218013170778113e-16
1.150000000000000000e+01 3.791666666666666963e+00 -1.170043468142373570e-16
1.150000000000000000e+01 4.000000000000000000e+00 -6.960483246970500940e-17
1.179166666666666785e+01 -1.000000000000000000e+00 -1.760801411871698585e-11
1.179166666666666785e+01 -7.916666666666666297e-01 -1.760577530410676943e-11
1.179166666666666785e+01 -5.833333333333332593e-01 -1.760764328349933427e-11
1.179166666666666785e+01 -3.750000000000000000e-01 -1.760626506468741111e-11
1.179166666666666785e+01 -1.666666666666666297e-01 -1.754206015995991390e-11
1.179166666666666785e+01 4.166666666666674068e-02 -3.954170116678303710e-12
1.179166666666666785e+01 2.500000000000000000e-01 -2.423632293146658737e-12
1.179166666666666785e+01 4.583333333333334814e-01 -1.480149889936450644e-12
1.179166666666666785e+01 6.666666666666667407e-01 -8.625885772858409701e-13
1.179166666666666785e+01 8.750000000000000000e-01 -4.873868642864025684e-13
1.179166666666666785e+01 1.083333333333333481e+00 -2.713551830838119218e-13
1.179166666666666785e+01 1.291666666666666963e+00 -1.501853299933815296e-13
1.179166666666666785e+01 1.500000000000000000e+00 -1.735835875784250872e-10
1.179166666666666785e+01 1.708333333333333481e+00 -9.317265996395079414e-11
1.179166666666666785e+01 1.916666666666666963e+00 -2.047024824943370858e-11
1.179166666666666785e+01 2.125000000000000000e+00 -1.444720080732582307e-14
1.179166666666666785e+01 2.333333333333333481e+00 -8.205219859053312942e-15
1.179166666666666785e+01 2.541666666666666963e+00 -4.708064460852674440e-15
1.179166666666666785e+01 2.750000000000000000e+00 -2.726162743304960380e-15
1.179166666666666785e+01 2.958333333333333481e+00 -1.591940915651353005e-15
1.179166666666666785e+01 3.166666666666666963e+00 -9.367921850472202122e-16
1.179166666666666785e+01 3.375000000000000000e+00 -5.552007070545087502e-16
1.179166666666666785e+01 3.583333333333333925e+00 -3.311927372449380608e-16
1.179166666666666785e+01 3.791666666666666963e+00 -1.987149789476143845e-16
1.179166666666666785e+01 4.000000000000000000e+00 -1.198392701806597221e-16
1.208333333333333393e+01 -1.000000000000000000e+00 -3.112589577308759080e-11
1.208333333333333393e+01 -7.916666666666666297e-01 -3.112452165609913474e-11
1.208333333333333393e+01 -5.833333333333332593e-01 -3.112660620754275528e-11
1.208333333333333393e+01 -3.750000000000000000e-01 -3.112484528549030241e-11
1.208333333333333393e+01 -1.666666666666666297e-01 -8.603346840796668435e-12
1.208333333333333393e+01 4.166666666666674068e-02 -5.736833175634329710e-12
1.208333333333333393e+01 2.500000000000000000e-01 -3.593546228399816939e-12
1.208333333333333393e+01 4.583333333333334814e-01 -2.116370333202789842e-12
1.208333333333333393e+01 6.666666666666667407e-01 -1.203607649289462370e-12
1.208333333333333393e+01 8.750000000000000000e-01 -6.741814126508006888e-13
1.208333333333333393e+01 1.083333333333333481e+00 -3.751408449583551094e-13
1.208333333333333393e+01 1.291666666666666963e+00 -3.840622083417331244e-10
1.208333333333333393e+01 1.500000000000000000e+00 -1.699383122609819632e-10
1.208333333333333393e+01 1.708333333333333481e+00 -4.935772271398717521e-12
1.208333333333333393e+01 1.916666666666666963e+00 -3.724400038713123639e-14
1.208333333333333393e+01 2.125000000000000000e+00 -2.136910332691675951e-14
1.208333333333333393e+01 2.333333333333333481e+00 -1.238163884364688028e-14
1.208333333333333393e+01 2.541666666666666963e+00 -7.236774345281222856e-15
1.208333333333333393e+01 2.750000000000000000e+00 -4.263131765755975652e-15
1.208333333333333393e+01 2.958333333333333481e+00 -2.529032944876668559e-15
1.208333333333333393e+01 3.166666666666666963e+00 -1.509745033571100976e-15
1.208333333333333393e+01 3.375000000000000000e+00 -9.064943613723164999e-16
1.208333333333333393e+01 3.583333333333333925e+00 -5.469271604884645592e-16
1.208333333333333393e+01 3.791666666666666963e+00 -3.313896576287312129e-16
1.208333333333333393e+01 4.000000000000000000e+00 -2.015247872648251761e-16
1.237500000000000000e+01 -1.000000000000000000e+00 -4.993860868925785680e-11
1.237500000000000000e+01 -7.916666666666666297e-01 -4.994808626195760473e-11
1.237500000000000000e+01 -5.833333333333332593e-01 -4.994090594050021718e-11
1.237500000000000000e+01 -3.750000000000000000e-01 -1.668353777490150911e-11
1.237500000000000000e+01 -1.666666666666666297e-01 -1.240245952394446198e-11
1.237500000000000000e+01 4.166666666666674068e-02 -8.155135093487503966e-12
1.237500000000000000e+01 2.500000000000000000e-01 -4.919568069047430909e-12
1.237500000000000000e+01 4.583333333333334814e-01 -2.822528492698075293e-12
1.237500000000000000e+01 6.666666666666667407e-01 -1.591400187869506155e-12
1.237500000000000000e+01 8.750000000000000000e-01 -8.899837597001131409e-13
1.237500000000000000e+01 1.083333333333333481e+00 -7.997512018833892601e-10
1.237500000000000000e+01 1.291666666666666963e+00 -2.406811817216114473e-10
1.237500000000000000e+01 1.500000000000000000e+00 -1.581658029063336612e-13
1.237500000000000000e+01 1.708333333333333481e+00 -9.036935489706609078e-14
1.237500000000000000e+01 1.916666666666666963e+00 -5.217622840137354143e-14
1.237500000000000000e+01 2.125000000000000000e+00 -3.040281003873368960e-14
1.237500000000000000e+01 2.333333333333333481e+00 -1.786114102416748469e-14
1.237500000000000000e+01 2.541666666666666963e+00 -1.056927313925153281e-14
1.237500000000000000e+01 2.750000000000000000e+00 -6.294809481347340821e-15
1.237500000000000000e+01 2.958333333333333481e+00 -3.770456316825021036e-15
1.237500000000000000e+01 3.166666666666666963e+00 -2.270154280525611353e-15
1.237500000000000000e+01 3.375000000000000000e+00 -1.372763106535736738e-15
1.237500000000000000e+01 3.583333333333333925e+00 -8.332573850013211769e-16
1.237500000000000000e+01 3.791666666666666963e+00 -5.074196576685793114e-16
1.237500000000000000e+01 4.000000000000000000e+00 -3.098483206277692988e-16
1.266666666666666785e+01 -1.000000000000000000e+00 -6.638316828362569278e-11
1.266666666666666785e+01 -7.916666666666666297e-01 -6.637683360881966027e-11
1.266666666666666785e+01 -5.833333333333332593e-01 -2.580538622853773597e-11
1.266666666666666785e+01 -3.750000000000000000e-01 -2.231477399104841754e-11
1.266666666666666785e+01 -1.666666666666666297e-01 -1.599615472582748652e-11
1.266666666666666785e+01 4.166666666666674068e-02 -1.008240730472745444e-11
1.266666666666666785e+01 2.500000000000000000e-01 -5.839949300705246567e-12
1.266666666666666785e+01 4.583333333333334814e-01 -3.309427216574141158e-12
1.266666666666666785e+01 6.666666666666667407e-01 -1.854528851784140045e-12
1.266666666666666785e+01 8.750000000000000000e-01 -1.481647830903938421e-09
1.266666666666666785e+01 1.083333333333333481e+00 -1.466446487171985669e-10
1.266666666666666785e+01 1.291666666666666963e+00 -3.292141794750355065e-13
1.266666666666666785e+01 1.500000000000000000e+00 -1.880741647582265539e-13
1.266666666666666785e+01 1.708333333333333481e+00 -1.085000981350346598e-13
1.266666666666666785e+01 1.916666666666666963e+00 -6.315848586838647224e-14
1.266666666666666785e+01 2.125000000000000000e+00 -3.706124092703642405e-14
1.266666666666666785e+01 2.333333333333333481e+00 -2.190298800136881421e-14
1.266666666666666785e+01 2.541666666666666963e+00 -1.302836161291196236e-14
1.266666666666666785e+01 2.750000000000000000e+00 -7.794272676154687902e-15
1.266666666666666785e+01 2.958333333333333481e+00 -4.686669402908893229e-15
1.266666666666666785e+01 3.166666666666666963e+00 -2.830591834416034844e-15
1.266666666666666785e+01 3.375000000000000000e+00 -1.716158279018531978e-15
1.266666666666666785e+01 3.583333333333333925e+00 -1.043941975725802518e-15
1.266666666666666785e+01 3.791666666666666963e+00 -6.368348089887056202e-16
1.266666666666666785e+01 4.000000000000000000e+00 -3.894248865095424194e-16
1.295833333333333393e+01 -1.000000000000000000e+00 -6.140851101115005639e-11
1.295833333333333393e+01 -7.916666666666666297e-01 -2.631031142604737748e-11
1.295833333333333393e+01 -5.833333333333332593e-01 -2.783360746012150387e-11
1.295833333333333393e+01 -3.750000000000000000e-01 -2.304291921415346142e-11
1.295833333333333393e+01 -1.666666666666666297e-01 -1.563835849972322686e-11
1.295833333333333393e+01 4.166666666666674068e-02 -9.107076958646387132e-12
1.295833333333333393e+01 2.500000000000000000e-01 -5.157370410506628112e-12
1.295833333333333393e+01 4.583333333333334814e-01 -3.195542719543882713e-09
1.295833333333333393e+01 6.666666666666667407e-01 -2.042995001665776871e-09
1.295833333333333393e+01 8.750000000000000000e-01 -8.823994851296134484e-13
1.295833333333333393e+01 1.083333333333333481e+00 -4.932979827951322617e-13
1.295833333333333393e+01 1.291666666666666963e+00 -2.786547495620389603e-13
1.295833333333333393e+01 1.500000000000000000e+00 -1.590188959114130254e-13
1.295833333333333393e+01 1.708333333333333481e+00 -9.162165968599147703e-14
1.295833333333333393e+01 1.916666666666666963e+00 -5.325933907669564225e-14
1.295833333333333393e+01 2.125000000000000000e+00 -3.121187603725715289e-14
1.295833333333333393e+01 2.333333333333333481e+00 -1.842763051668383142e-14
1.295833333333333393e+01 2.541666666666666963e+00 -1.095260856190579226e-14
1.295833333333333393e+01 2.750000000000000000e+00 -6.548385275521627133e-15
1.295833333333333393e+01 2.958333333333333481e+00 -3.935590452349877440e-15
1.295833333333333393e+01 3.166666666666666963e+00 -2.376062874959821809e-15
1.295833333333333393e+01 3.375000000000000000e+00 -1.440168596491746569e-15
1.295833333333333393e+01 3.583333333333333925e+00 -8.758527499236101818e-16
1.295833333333333393e+01 3.791666666666666963e+00 -5.342004140880056060e-16
1.295833333333333393e+01 4.000000000000000000e+00 -3.266180437412856779e-16
1.325000000000000000e+01 -1.000000000000000000e+00 -1.296961514971021118e-11
1.325000000000000000e+01 -7.916666666666666297e-01 -1.703218483868857109e-11
1.325000000000000000e+01 -5.833333333333332593e-01 -1.765277031853742599e-11
1.325000000000000000e+01 -3.750000000000000000e-01 -1.349469719128424572e-11
1.325000000000000000e+01 -1.666666666666666297e-01 -7.778452396495007556e-12
1.325000000000000000e+01 4.166666666666674068e-02 -4.343150792830126268e-12
1.325000000000000000e+01 2.500000000000000000e-01 -5.731891174342618997e-09
1.325000000000000000e+01 4.583333333333334814e-01 -1.056325555993177109e-09
1.325000000000000000e+01 6.666666666666667407e-01 -6.888616228668936410e-13
1.325000000000000000e+01 8.750000000000000000e-01 -3.746157369889320185e-13
1.325000000000000000e+01 1.083333333333333481e+00 -2.060888272318053242e-13
1.325000000000000000e+01 1.291666666666666963e+00 -1.147552519474804978e-13
1.325000000000000000e+01 1.500000000000000000e+00 -6.467477107468588877e-14
1.325000000000000000e+01 1.708333333333333481e+00 -3.686648579755431032e-14
1.325000000000000000e+01 1.916666666666666963e+00 -2.123996446338710653e-14
1.325000000000000000e+01 2.125000000000000000e+00 -1.235708445152604512e-14
1.325000000000000000e+01 2.333333333333333481e+00 -7.252852582781438194e-15
1.325000000000000000e+01 2.541666666666666963e+00 -4.290227692105978494e-15
1.325000000000000000e+01 2.750000000000000000e+00 -2.555210805250244639e-15
1.325000000000000000e+01 2.958333333333333481e+00 -1.531016847759864344e-15
1.325000000000000000e+01 3.166666666666666963e+00 -9.220604708702091811e-16
1.325000000000000000e+01 3.375000000000000000e+00 -5.578018911000461864e-16
1.325000000000000000e+01 3.583333333333333925e+00 -3.387037050678788036e-16
1.325000000000000000e+01 3.791666666666666963e+00 -2.063328624951100430e-16
1.325000000000000000e+01 4.000000000000000000e+00 -1.260334214130493392e-16
1.354166666666666785e+01 -1.000000000000000000e+00 -2.767410972994165750e-12
1.354166666666666785e+01 -7.916666666666666297e-01 -3.972803660280991363e-12
1.354166666666666785e+01 -5.833333333333332593e-01 -3.656570206711844619e-12
1.354166666666666785e+01 -3.750000000000000000e-01 -1.999348102770175437e-12
1.354166666666666785e+01 -1.666666666666666297e-01 -1.073833165848803236e-12
1.354166666666666785e+01 4.166666666666674068e-02 -4.555333402666585939e-09
1.354166666666666785e+01 2.500000000000000000e-01 -1.575341716303954644e-12
1.354166666666666785e+01 4.583333333333334814e-01 -1.478338582642354975e-13
1.354166666666666785e+01 6.666666666666667407e-01 -7.657832240494431455e-14
1.354166666666666785e+01 8.750000000000000000e-01 -4.027290206772886761e-14
1.354166666666666785e+01 1.083333333333333481e+00 -2.152620551478692551e-14
1.354166666666666785e+01 1.291666666666666963e+00 -1.170018420677244973e-14
1.354166666666666785e+01 1.500000000000000000e+00 -6.462500120770876033e-15
1.354166666666666785e+01 1.708333333333333481e+00 -3.624065123802292829e-15
1.354166666666666785e+01 1.916666666666666963e+00 -2.060140962383250764e-15
1.354166666666666785e+01 2.125000000000000000e+00 -1.185864630825573959e-15
1.354166666666666785e+01 2.333333333333333481e+00 -6.899130839643809775e-16
1.354166666666666785e+01 2.541666666666666963e+00 -4.053123078886083650e-16
1.354166666666666785e+01 2.750000000000000000e+00 -2.401427289352969136e-16
1.354166666666666785e+01 2.958333333333333481e+00 -1.432274355170647283e-16
1.354166666666666785e+01 3.166666666666666963e+00 -8.600780013188571589e-17
1.354166666666666785e+01 3.375000000000000000e+00 -5.187341207622322006e-17
1.354166666666666785e+01 3.583333333333333925e+00 -3.142446538833818267e-17
1.354166666666666785e+01 3.791666666666666963e+00 -1.911279938718316996e-17
1.354166666666666785e+01 4.000000000000000000e+00 -1.165963457994008579e-17
1.383333333333333393e+01 -1.000000000000000000e+00 -1.039633596869167392e-13
1.383333333333333393e+01 -7.916666666666666297e-01 -1.266079124421191265e-13
1.383333333333333393e+01 -5.833333333333332593e-01 -5.956817945672019566e-14
1.383333333333333393e+01 -3.750000000000000000e-01 -2.929534669658847995e-14
1.383333333333333393e+01 -1.666666666666666297e-01 -7.654063225191324321e-10
1.383333333333333393e+01 4.166666666666674068e-02 -6.854844516250249823e-15
1.383333333333333393e+01 2.500000000000000000e-01 -3.274109674561982938e-15
1.383333333333333393e+01 4.583333333333334814e-01 -1.587796852638325044e-15
1.383333333333333393e+01 6.666666666666667407e-01 -7.825939001672482248e-16
1.383333333333333393e+01 8.750000000000000000e-01 -3.966563847459223292e-16
1.383333333333333393e+01 1.083333333333333481e+00 -2.031824700921452441e-16
1.383333333333333393e+01 1.291666666666666963e+00 -1.079561121517729880e-16
1.383333333333333393e+01 1.500000000000000000e+00 -5.831506332432745604e-17
1.383333333333333393e+01 1.708333333333333481e+00 -3.200041024857512114e-17
1.383333333333333393e+01 1.916666666666666963e+00 -1.798241438376895129e-17
1.383333333333333393e+01 2.125000000000000000e+00 -1.020540546457973632e-17
1.383333333333333393e+01 2.333333333333333481e+00 -5.906750178465822766e-18
1.383333333333333393e+01 2.541666666666666963e+00 -3.441557622852543362e-18
1.383333333333333393e+01 2.750000000000000000e+00 -2.021214340663560868e-18
1.383333333333333393e+01 2.958333333333333481e+00 -1.201902572634781795e-18
1.383333333333333393e+01 3.166666666666666963e+00 -7.208859088016003031e-19
1.383333333333333393e+01 3.375000000000000000e+00 -4.338123155432429029e-19
1.383333333333333393e+01 3.583333333333333925e+00 -2.620266505071950872e-19
1.383333333333333393e+01 3.791666666666666963e+00 -1.599388415225968699e-19
1.383333333333333393e+01 4.000000000000000000e+00 -9.416664961184080841e-20
1.412500000000000000e+01 -1.000000000000000000e+00 -2.313145160339575049e-16
1.412500000000000000e+01 -7.916666666666666297e-01 -7.345554318558818157e-17
1.412500000000000000e+01 -5.833333333333332593e-01 -3.183911041729670459e-17
1.412500000000000000e+01 -3.750000000000000000e-01 -1.353815328109543724e-17
1.412500000000000000e+01 -1.666666666666666297e-01 -6.872985434006457860e-18
1.412500000000000000e+01 4.166666666666674068e-02 -2.801943214733384829e-18
1.412500000000000000e+01 2.500000000000000000e-01 -1.359984822148723828e-18
1.412500000000000000e+01 4.583333333333334814e-01 -6.139169847281575122e-19
1.412500000000000000e+01 6.666666666666667407e-01 3.900699279870962408e-19
1.412500000000000000e+01 8.750000000000000000e-01 -1.240631120075074962e-19
1.412500000000000000e+01 1.083333333333333481e+00 -5.715085931388962612e-20
1.412500000000000000e+01 1.291666666666666963e+00 -3.838444388620284568e-20
1.412500000000000000e+01 1.500000000000000000e+00 -1.824225484933967601e-20
1.412500000000000000e+01 1.708333333333333481e+00 -9.836376816089585674e-21
1.412500000000000000e+01 1.916666666666666963e+00 -1.413895305029465906e-21
1.412500000000000000e+01 2.125000000000000000e+00 6.706719387513061292e-22
1.412500000000000000e+01 2.333333333333333481e+00 -1.880292505049396411e-21
1.412500000000000000e+01 2.541666666666666963e+00 -1.322770573095510888e-21
1.412500000000000000e+01 2.750000000000000000e+00 -6.644970142981079563e-22
1.412500000000000000e+01 2.958333333333333481e+00 -2.500058158537688200e-22
1.412500000000000000e+01 3.166666666666666963e+00 -1.921112191155343414e-22
1.412500000000000000e+01 3.375000000000000000e+00 1.404836778589175225e-21
1.412500000000000000e+01 3.583333333333333925e+00 -7.938526861048829284e-23
1.412500000000000000e+01 3.791666666666666963e+00 -5.845992957570169911e-23
1.412500000000000000e+01 4.000000000000000000e+00 -2.730406995832175966e-23
1.441666666666666785e+01 -1.000000000000000000e+00 -1.152903980670326467e-19
1.441666666666666785e+01 -7.916666666666666297e-01 -3.271731942236290636e-18
1.441666666666666785e+01 -5.833333333333332593e-01 4.179942203902593713e-20
1.441666666666666785e+01 -3.750000000000000000e-01 5.124445503448986105e-20
1.441666666666666785e+01 -1.666666666666666297e-01 1.587831193381803317e-19
1.441666666666666785e+01 4.166666666666674068e-02 4.033147950050181057e-19
1.441666666666666785e+01 2.500000000000000000e-01 2.370009649096082434e-18
1.441666666666666785e+01 4.583333333333334814e-01 2.847859006954477933e-17
1.441666666666666785e+01 6.666666666666667407e-01 -1.537039038581779805e-18
1.441666666666666785e+01 8.750000000000000000e-01 1.092076364265199913e-17
1.441666666666666785e+01 1.083333333333333481e+00 2.746110866932807800e-18
1.441666666666666785e+01 1.291666666666666963e+00 9.526235176818192669e-19
1.441666666666666785e+01 1.500000000000000000e+00 -1.472220864506608803e-18
1.441666666666666785e+01 1.708333333333333481e+00 -3.332468807289635347e-19
1.441666666666666785e+01 1.916666666666666963e+00 -1.404615656228004614e-19
1.441666666666666785e+01 2.125000000000000000e+00 -3.440686844958035571e-20
1.441666666666666785e+01 2.333333333333333481e+00 -1.504385783304417178e-20
1.441666666666666785e+01 2.541666666666666963e+00 4.471580442959406323e-21
1.441666666666666785e+01 2.750000000000000000e+00 -2.131991093275124220e-21
1.441666666666666785e+01 2.958333333333333481e+00 -4.121166797709168897e-20
1.441666666666666785e+01 3.166666666666666963e+00 3.871403346100811293e-20
1.441666666666666785e+01 3.375000000000000000e+00 4.887826701823124962e-20
1.441666666666666785e+01 3.583333333333333925e+00 2.713759358592651898e-21
1.441666666666666785e+01 3.791666666666666963e+00 1.821418981785676377e-20
1.441666666666666785e+01 4.000000000000000000e+00 5.451134808956919398e-22
1.470833333333333393e+01 -1.000000000000000000e+00 -4.851697381870606096e-18
1.470833333333333393e+01 -7.916666666666666297e-01 -3.768481120151352930e-20
1.470833333333333393e+01 -5.833333333333332593e-01 -9.933392434570662655e-21
1.470833333333333393e+01 -3.750000000000000000e-01 2.805967774078198884e-19
1.470833333333333393e+01 -1.666666666666666297e-01 -1.121366436859597107e-17
1.470833333333333393e+01 4.166666666666674068e-02 -6.051179556713121580e-17
1.470833333333333393e+01 2.500000000000000000e-01 -1.872668344642516668e-17
1.470833333333333393e+01 4.583333333333334814e-01 6.349452487828637587e-17
1.470833333333333393e+01 6.666666666666667407e-01 -8.452680905433845808e-19
1.470833333333333393e+01 8.750000000000000000e-01 3.044228771870703535e-17
1.470833333333333393e+01 1.083333333333333481e+00 2.263954029759050351e-17
1.470833333333333393e+01 1.291666666666666963e+00 -1.152409258595691157e-18
1.470833333333333393e+01 1.500000000000000000e+00 -2.894111355045707941e-19
1.470833333333333393e+01 1.708333333333333481e+00 -5.572434011694140473e-20
1.470833333333333393e+01 1.916666666666666963e+00 7.233737160810958155e-20
1.470833333333333393e+01 2.125000000000000000e+00 -1.154248910665926885e-20
1.470833333333333393e+01 2.333333333333333481e+00 -2.654626934540274637e-19
1.470833333333333393e+01 2.541666666666666963e+00 1.518951045158083670e-20
1.470833333333333393e+01 2.750000000000000000e+00 4.412413241873504123e-19
1.470833333333333393e+01 2.958333333333333481e+00 5.730831893385522686e-21
1.470833333333333393e+01 3.166666666666666963e+00 1.490879626254040758e-19
1.470833333333333393e+01 3.375000000000000000e+00 7.596812909098501920e-21
1.470833333333333393e+01 3.583333333333333925e+00 4.595927283850978270e-20
1.470833333333333393e+01 3.791666666666666963e+00 1.427066420969333154e-21
1.470833333333333393e+01 4.000000000000000000e+00 -9.575310320306043089e-22
1.500000000000000000e+01 -1.000000000000000000e+00 -2.757969311131338090e-20
1.500000000000000000e+01 -7.916666666666666297e-01 2.790490064228170680e-19
1.500000000000000000e+01 -5.833333333333332593e-01 1.902216976619089054e-19
1.500000000000000000e+01 -3.750000000000000000e-01 -5.102006712052686694e-19
1.500000000000000000e+01 -1.666666666666666297e-01 -6.994679751807485545e-19
1.500000000000000000e+01 4.166666666666674068e-02 -1.150927429370679524e-17
1.500000000000000000e+01 2.500000000000000000e-01 6.165839328224140680e-17
1.500000000000000000e+01 4.583333333333334814e-01 -5.417579936279140797e-17
1.500000000000000000e+01 6.666666666666667407e-01 -2.742515082555729167e-18
1.500000000000000000e+01 8.750000000000000000e-01 3.471511587931673010e-17
1.500000000000000000e+01 1.083333333333333481e+00 4.541710162077628252e-18
1.500000000000000000e+01 1.291666666666666963e+00 -4.040814898522860333e-18
1.500000000000000000e+01 1.500000000000000000e+00 -1.568685045546188792e-20
1.500000000000000000e+01 1.708333333333333481e+00 9.484245066041704294e-19
1.500000000000000000e+01 1.916666666666666963e+00 -2.991027941005137657e-19
1.500000000000000000e+01 2.125000000000000000e+00 4.138585243938370370e-20
1.500000000000000000e+01 2.333333333333333481e+00 -1.730568184092250602e-20
1.500000000000000000e+01 2.541666666666666963e+00 -3.123763484793892245e-19
1.500000000000000000e+01 2.750000000000000000e+00 -8.910520245529414526e-19
1.500000000000000000e+01 2.958333333333333481e+00 2.597286493462227603e-20
1.500000000000000000e+01 3.166666666666666963e+00 3.507762891977226847e-20
1.500000000000000000e+01 3.375000000000000000e+00 -8.495551690772632748e-21
1.500000000000000000e+01 3.583333333333333925e+00 -5.774327143854673306e-21
1.500000000000000000e+01 3.791666666666666963e+00 3.118799491766600413e-21
1.500000000000000000e+01 4.000000000000000000e+00 -5.855839786575001494e-22
