8.000000000000000000e+00 -1.000000000000000000e+00 -6.530845633206188685e-14
8.000000000000000000e+00 -7.916666666666666297e-01 -5.903353483393824424e-14
8.000000000000000000e+00 -5.833333333333332593e-01 -4.924487522740192889e-14
8.000000000000000000e+00 -3.750000000000000000e-01 -3.919729096197861599e-14
8.000000000000000000e+00 -1.666666666666666297e-01 -2.856849632563267290e-14
8.000000000000000000e+00 4.166666666666674068e-02 -1.922470223613494264e-14
8.000000000000000000e+00 2.500000000000000000e-01 -1.187320236748985575e-14
8.000000000000000000e+00 4.583333333333334814e-01 -6.930876406488758200e-15
8.000000000000000000e+00 6.666666666666667407e-01 -4.326869418054071195e-15
8.000000000000000000e+00 8.750000000000000000e-01 -3.382458363934504154e-15
8.000000000000000000e+00 1.083333333333333481e+00 -3.183869815432972065e-15
8.000000000000000000e+00 1.291666666666666963e+00 -3.165320137980988120e-15
8.000000000000000000e+00 1.500000000000000000e+00 -3.164144604126517726e-15
8.000000000000000000e+00 1.708333333333333481e+00 -3.164482929093722241e-15
8.000000000000000000e+00 1.916666666666666963e+00 -3.164113454756772316e-15
8.000000000000000000e+00 2.125000000000000000e+00 -3.164482459089279855e-15
8.000000000000000000e+00 2.333333333333333481e+00 -3.164006616653981912e-15
8.000000000000000000e+00 2.541666666666666963e+00 -1.536786145866217172e-15
8.000000000000000000e+00 2.750000000000000000e+00 -1.381442260209272579e-15
8.000000000000000000e+00 2.958333333333333481e+00 -1.104840823666143565e-15
8.000000000000000000e+00 3.166666666666666963e+00 -8.607378112857596166e-16
8.000000000000000000e+00 3.375000000000000000e+00 -6.810888178477719978e-16
8.000000000000000000e+00 3.583333333333333925e+00 -5.354738217753284147e-16
8.000000000000000000e+00 3.791666666666666963e+00 -4.197314036164659276e-16
8.000000000000000000e+00 4.000000000000000000e+00 -3.280657754578911527e-16
8.291666666666666075e+00 -1.000000000000000000e+00 -1.213601158774097826e-13
8.291666666666666075e+00 -7.916666666666666297e-01 -1.048979036361545541e-13
8.291666666666666075e+00 -5.833333333333332593e-01 -8.523837108623410393e-14
8.291666666666666075e+00 -3.750000000000000000e-01 -6.176045547793656092e-14
8.291666666666666075e+00 -1.666666666666666297e-01 -4.024057961149978440e-14
8.291666666666666075e+00 4.166666666666674068e-02 -2.348421752751835805e-14
8.291666666666666075e+00 2.500000000000000000e-01 -1.288820462191675748e-14
8.291666666666666075e+00 4.583333333333334814e-01 -7.935123525859723103e-15
8.291666666666666075e+00 6.666666666666667407e-01 -6.446512953236257062e-15
8.291666666666666075e+00 8.750000000000000000e-01 -6.209534156515925394e-15
8.291666666666666075e+00 1.083333333333333481e+00 -6.194205793206946077e-15
8.291666666666666075e+00 1.291666666666666963e+00 -6.193900723258836264e-15
8.291666666666666075e+00 1.500000000000000000e+00 -6.193581895421162985e-15
8.291666666666666075e+00 1.708333333333333481e+00 -6.193710500420564751e-15
8.291666666666666075e+00 1.916666666666666963e+00 -6.194151408316519182e-15
8.291666666666666075e+00 2.125000000000000000e+00 -6.193626073780339336e-15
8.291666666666666075e+00 2.333333333333333481e+00 -3.645321506126451133e-15
8.291666666666666075e+00 2.541666666666666963e+00 -3.427829735809689571e-15
8.291666666666666075e+00 2.750000000000000000e+00 -2.746748836257528026e-15
8.291666666666666075e+00 2.958333333333333481e+00 -2.141551092315218465e-15
8.291666666666666075e+00 3.166666666666666963e+00 -1.693610795190079957e-15
8.291666666666666075e+00 3.375000000000000000e+00 -1.330561740735655346e-15
8.291666666666666075e+00 3.583333333333333925e+00 -1.041974615191171769e-15
8.291666666666666075e+00 3.791666666666666963e+00 -8.130417645767726451e-16
8.291666666666666075e+00 4.000000000000000000e+00 -6.303221778482343215e-16
8.583333333333333925e+00 -1.000000000000000000e+00 -2.112166152963787201e-13
8.583333333333333925e+00 -7.916666666666666297e-01 -1.768825363715745369e-13
8.583333333333333925e+00 -5.833333333333332593e-01 -1.282364188966965683e-13
8.583333333333333925e+00 -3.750000000000000000e-01 -8.112376252969369654e-14
8.583333333333333925e+00 -1.666666666666666297e-01 -4.470454880619406292e-14
8.583333333333333925e+00 4.166666666666674068e-02 -2.323925833224325534e-14
8.583333333333333925e+00 2.500000000000000000e-01 -1.449056766168402746e-14
8.583333333333333925e+00 4.583333333333334814e-01 -1.237873607296299507e-14
8.583333333333333925e+00 6.666666666666667407e-01 -1.213517172239813638e-14
8.583333333333333925e+00 8.750000000000000000e-01 -1.212269825166178901e-14
8.583333333333333925e+00 1.083333333333333481e+00 -1.212238509439936944e-14
8.583333333333333925e+00 1.291666666666666963e+00 -1.212331357129718347e-14
8.583333333333333925e+00 1.500000000000000000e+00 -1.212376598975013631e-14
8.583333333333333925e+00 1.708333333333333481e+00 -1.212257806917326057e-14
8.583333333333333925e+00 1.916666666666666963e+00 -1.212466198339971413e-14
8.583333333333333925e+00 2.125000000000000000e+00 -8.468029223302667753e-15
8.583333333333333925e+00 2.333333333333333481e+00 -8.498325934017873820e-15
8.583333333333333925e+00 2.541666666666666963e+00 -6.827638401787271015e-15
8.583333333333333925e+00 2.750000000000000000e+00 -5.327494843877870637e-15
8.583333333333333925e+00 2.958333333333333481e+00 -4.210503004303667288e-15
8.583333333333333925e+00 3.166666666666666963e+00 -3.305169837016492215e-15
8.583333333333333925e+00 3.375000000000000000e+00 -2.585227531128241937e-15
8.583333333333333925e+00 3.583333333333333925e+00 -2.012922166419284603e-15
8.583333333333333925e+00 3.791666666666666963e+00 -1.554514498458710812e-15
8.583333333333333925e+00 4.000000000000000000e+00 -1.182606209809168230e-15
8.875000000000000000e+00 -1.000000000000000000e+00 -3.452152796334263174e-13
8.875000000000000000e+00 -7.916666666666666297e-01 -2.519010047382546708e-13
8.875000000000000000e+00 -5.833333333333332593e-01 -1.553487844922538812e-13
8.875000000000000000e+00 -3.750000000000000000e-01 -8.111319059649386752e-14
8.875000000000000000e+00 -1.666666666666666297e-01 -4.068584320241432959e-14
8.875000000000000000e+00 4.166666666666674068e-02 -2.659594408107908567e-14
8.875000000000000000e+00 2.500000000000000000e-01 -2.394240694020118067e-14
8.875000000000000000e+00 4.583333333333334814e-01 -2.373403384398619908e-14
8.875000000000000000e+00 6.666666666666667407e-01 -2.372882741804528466e-14
8.875000000000000000e+00 8.750000000000000000e-01 -2.372420009548673744e-14
8.875000000000000000e+00 1.083333333333333481e+00 -2.372682889625407194e-14
8.875000000000000000e+00 1.291666666666666963e+00 -2.372885499520651639e-14
8.875000000000000000e+00 1.500000000000000000e+00 -2.372846229409082223e-14
8.875000000000000000e+00 1.708333333333333481e+00 -2.372649641128910121e-14
8.875000000000000000e+00 1.916666666666666963e+00 -1.907796631882264337e-14
8.875000000000000000e+00 2.125000000000000000e+00 -2.106519572182815280e-14
8.875000000000000000e+00 2.333333333333333481e+00 -1.696859580215952214e-14
8.875000000000000000e+00 2.541666666666666963e+00 -1.325061662407246894e-14
8.875000000000000000e+00 2.750000000000000000e+00 -1.046526628734462046e-14
8.875000000000000000e+00 2.958333333333333481e+00 -8.206901088595265822e-15
8.875000000000000000e+00 3.166666666666666963e+00 -6.409632362800490484e-15
8.875000000000000000e+00 3.375000000000000000e+00 -4.977217602641256672e-15
8.875000000000000000e+00 3.583333333333333925e+00 -3.824820035823942033e-15
8.875000000000000000e+00 3.791666666666666963e+00 -2.883338412090325520e-15
8.875000000000000000e+00 4.000000000000000000e+00 -2.097522753697166346e-15
9.166666666666666075e+00 -1.000000000000000000e+00 -4.617576799726967360e-13
9.166666666666666075e+00 -7.916666666666666297e-01 -2.786335988124369322e-13
9.166666666666666075e+00 -5.833333333333332593e-01 -1.393105001149495042e-13
9.166666666666666075e+00 -3.750000000000000000e-01 -6.976798933557656151e-14
9.166666666666666075e+00 -1.666666666666666297e-01 -4.948455795860750979e-14
9.166666666666666075e+00 4.166666666666674068e-02 -4.659798727109500461e-14
9.166666666666666075e+00 2.500000000000000000e-01 -4.644682536530910714e-14
9.166666666666666075e+00 4.583333333333334814e-01 -4.644002325248011186e-14
9.166666666666666075e+00 6.666666666666667407e-01 -4.643617259466519569e-14
9.166666666666666075e+00 8.750000000000000000e-01 -4.643343951611997493e-14
9.166666666666666075e+00 1.083333333333333481e+00 -4.643552865892352284e-14
9.166666666666666075e+00 1.291666666666666963e+00 -4.643671052218623756e-14
9.166666666666666075e+00 1.500000000000000000e+00 -4.643767780549346688e-14
9.166666666666666075e+00 1.708333333333333481e+00 -4.123011167995936758e-14
9.166666666666666075e+00 1.916666666666666963e+00 -5.218364928689459773e-14
9.166666666666666075e+00 2.125000000000000000e+00 -4.216471144244668455e-14
9.166666666666666075e+00 2.333333333333333481e+00 -3.294970188229632776e-14
9.166666666666666075e+00 2.541666666666666963e+00 -2.600326782008233953e-14
9.166666666666666075e+00 2.750000000000000000e+00 -2.036788263618766112e-14
9.166666666666666075e+00 2.958333333333333481e+00 -1.587732534639538019e-14
9.166666666666666075e+00 3.166666666666666963e+00 -1.228682838474766668e-14
9.166666666666666075e+00 3.375000000000000000e+00 -9.382716996064906304e-15
9.166666666666666075e+00 3.583333333333333925e+00 -6.990934677190217212e-15
9.166666666666666075e+00 3.791666666666666963e+00 -4.977710141822137893e-15
9.166666666666666075e+00 4.000000000000000000e+00 -3.278221033728545212e-15
9.458333333333333925e+00 -1.000000000000000000e+00 -4.624944499083092963e-13
9.458333333333333925e+00 -7.916666666666666297e-01 -2.257793350835233537e-13
9.458333333333333925e+00 -5.833333333333332593e-01 -1.191013007114508915e-13
9.458333333333333925e+00 -3.750000000000000000e-01 -9.361002689558872420e-14
9.458333333333333925e+00 -1.666666666666666297e-01 -9.096091447353676552e-14
9.458333333333333925e+00 4.166666666666674068e-02 -9.087216510495169895e-14
9.458333333333333925e+00 2.500000000000000000e-01 -9.087348630898862400e-14
9.458333333333333925e+00 4.583333333333334814e-01 -9.087041176105240065e-14
9.458333333333333925e+00 6.666666666666667407e-01 -9.087325431786245481e-14
9.458333333333333925e+00 8.750000000000000000e-01 -9.086412460123847314e-14
9.458333333333333925e+00 1.083333333333333481e+00 -9.087912735921806147e-14
9.458333333333333925e+00 1.291666666666666963e+00 -9.086508500809027033e-14
9.458333333333333925e+00 1.500000000000000000e+00 -8.453127787395175693e-14
9.458333333333333925e+00 1.708333333333333481e+00 -1.291577456763524247e-13
9.458333333333333925e+00 1.916666666666666963e+00 -1.047382943178349947e-13
9.458333333333333925e+00 2.125000000000000000e+00 -8.191022202501737865e-14
9.458333333333333925e+00 2.333333333333333481e+00 -6.458539730175774415e-14
9.458333333333333925e+00 2.541666666666666963e+00 -5.051659474875137661e-14
9.458333333333333925e+00 2.750000000000000000e+00 -3.928501619290867394e-14
9.458333333333333925e+00 2.958333333333333481e+00 -3.026869159602233820e-14
9.458333333333333925e+00 3.166666666666666963e+00 -2.292888287094809468e-14
9.458333333333333925e+00 3.375000000000000000e+00 -1.683021221369301189e-14
9.458333333333333925e+00 3.583333333333333925e+00 -1.166633627660797940e-14
9.458333333333333925e+00 3.791666666666666963e+00 -7.377757259932314848e-15
9.458333333333333925e+00 4.000000000000000000e+00 -4.411306615825769444e-15
9.750000000000000000e+00 -1.000000000000000000e+00 -3.495010415916150416e-13
9.750000000000000000e+00 -7.916666666666666297e-01 -2.069752568921264464e-13
9.750000000000000000e+00 -5.833333333333332593e-01 -1.798102018183498901e-13
9.750000000000000000e+00 -3.750000000000000000e-01 -1.778069355479614947e-13
9.750000000000000000e+00 -1.666666666666666297e-01 -1.777988605758766528e-13
9.750000000000000000e+00 4.166666666666674068e-02 -1.777997498520786260e-13
9.750000000000000000e+00 2.500000000000000000e-01 -1.777850892764795532e-13
9.750000000000000000e+00 4.583333333333334814e-01 -1.777870868712956579e-13
9.750000000000000000e+00 6.666666666666667407e-01 -1.777707021063320848e-13
9.750000000000000000e+00 8.750000000000000000e-01 -1.777823809577541332e-13
9.750000000000000000e+00 1.083333333333333481e+00 -1.778036652096354815e-13
9.750000000000000000e+00 1.291666666666666963e+00 -1.635872301833406085e-13
9.750000000000000000e+00 1.500000000000000000e+00 -3.193785908434072286e-13
9.750000000000000000e+00 1.708333333333333481e+00 -2.600611855294720416e-13
9.750000000000000000e+00 1.916666666666666963e+00 -2.035445816944303532e-13
9.750000000000000000e+00 2.125000000000000000e+00 -1.603335234926948166e-13
9.750000000000000000e+00 2.333333333333333481e+00 -1.251902073657313032e-13
9.750000000000000000e+00 2.541666666666666963e+00 -9.706185050050547363e-14
9.750000000000000000e+00 2.750000000000000000e+00 -7.437000086015093687e-14
9.750000000000000000e+00 2.958333333333333481e+00 -5.575759399207274756e-14
9.750000000000000000e+00 3.166666666666666963e+00 -4.015402070040774318e-14
9.750000000000000000e+00 3.375000000000000000e+00 -2.693853801203174565e-14
9.750000000000000000e+00 3.583333333333333925e+00 -1.410800318373635738e-13
9.750000000000000000e+00 3.791666666666666963e+00 -8.650981843576895393e-15
9.750000000000000000e+00 4.000000000000000000e+00 -4.018382012913807699e-15
1.004166666666666785e+01 -1.000000000000000000e+00 -3.726697082718111186e-13
1.004166666666666785e+01 -7.916666666666666297e-01 -3.488621985734526637e-13
1.004166666666666785e+01 -5.833333333333332593e-01 -3.476996584518005285e-13
1.004166666666666785e+01 -3.750000000000000000e-01 -3.476370979459714098e-13
1.004166666666666785e+01 -1.666666666666666297e-01 -3.476451059725143675e-13
1.004166666666666785e+01 4.166666666666674068e-02 -3.476788258088833987e-13
1.004166666666666785e+01 2.500000000000000000e-01 -3.476796612589693209e-13
1.004166666666666785e+01 4.583333333333334814e-01 -3.476417715990652239e-13
1.004166666666666785e+01 6.666666666666667407e-01 -3.476567012111026991e-13
1.004166666666666785e+01 8.750000000000000000e-01 -3.476733669387370396e-13
1.004166666666666785e+01 1.083333333333333481e+00 -3.026176103486062831e-13
1.004166666666666785e+01 1.291666666666666963e+00 -7.885884347866037199e-13
1.004166666666666785e+01 1.500000000000000000e+00 -6.452544876392249051e-13
1.004166666666666785e+01 1.708333333333333481e+00 -5.095001899837317732e-13
1.004166666666666785e+01 1.916666666666666963e+00 -3.977736836978483994e-13
1.004166666666666785e+01 2.125000000000000000e+00 -3.099259875304700028e-13
1.004166666666666785e+01 2.333333333333333481e+00 -2.393699721984677596e-13
1.004166666666666785e+01 2.541666666666666963e+00 -1.821087384645526201e-13
1.004166666666666785e+01 2.750000000000000000e+00 -1.347385729844407979e-13
1.004166666666666785e+01 2.958333333333333481e+00 -9.472740228395262044e-14
1.004166666666666785e+01 3.166666666666666963e+00 -6.116447834312520162e-14
1.004166666666666785e+01 3.375000000000000000e+00 -3.054229268433637630e-13
1.004166666666666785e+01 3.583333333333333925e+00 -2.037989910977601543e-14
1.004166666666666785e+01 3.791666666666666963e+00 -7.646749845671221123e-15
1.004166666666666785e+01 4.000000000000000000e+00 -2.497905252287594925e-15
1.033333333333333393e+01 -1.000000000000000000e+00 -6.798736636989333754e-13
1.033333333333333393e+01 -7.916666666666666297e-01 -6.792721356264873231e-13
1.033333333333333393e+01 -5.833333333333332593e-01 -6.793225773871962438e-13
1.033333333333333393e+01 -3.750000000000000000e-01 -6.792406912914125640e-13
1.033333333333333393e+01 -1.666666666666666297e-01 -6.793159057323349205e-13
1.033333333333333393e+01 4.166666666666674068e-02 -6.793466645276266988e-13
1.033333333333333393e+01 2.500000000000000000e-01 -6.792735067801207857e-13
1.033333333333333393e+01 4.583333333333334814e-01 -6.791809749992493551e-13
1.033333333333333393e+01 6.666666666666667407e-01 -6.792774616218342432e-13
1.033333333333333393e+01 8.750000000000000000e-01 -5.581699704491242127e-13
1.033333333333333393e+01 1.083333333333333481e+00 -1.943103886856936032e-12
1.033333333333333393e+01 1.291666666666666963e+00 -1.599803754382214925e-12
1.033333333333333393e+01 1.500000000000000000e+00 -1.264057909574071306e-12
1.033333333333333393e+01 1.708333333333333481e+00 -9.860234833748879151e-13
1.033333333333333393e+01 1.916666666666666963e+00 -7.662515395370194703e-13
1.033333333333333393e+01 2.125000000000000000e+00 -5.889322254352029926e-13
1.033333333333333393e+01 2.333333333333333481e+00 -4.439924287629564311e-13
1.033333333333333393e+01 2.541666666666666963e+00 -3.229967978886558758e-13
1.033333333333333393e+01 2.750000000000000000e+00 -2.204293105604702103e-13
1.033333333333333393e+01 2.958333333333333481e+00 -8.833927895237500052e-13
1.033333333333333393e+01 3.166666666666666963e+00 -5.326048144727856982e-13
1.033333333333333393e+01 3.375000000000000000e+00 -4.402297731896086685e-14
1.033333333333333393e+01 3.583333333333333925e+00 -1.370666732047719578e-14
1.033333333333333393e+01 3.791666666666666963e+00 -4.205749263204737459e-15
1.033333333333333393e+01 4.000000000000000000e+00 -1.211062089481419426e-15
1.062500000000000000e+01 -1.000000000000000000e+00 -1.324697616906976809e-12
1.062500000000000000e+01 -7.916666666666666297e-01 -1.324945181828496687e-12
1.062500000000000000e+01 -5.833333333333332593e-01 -1.324704962560286681e-12
1.062500000000000000e+01 -3.750000000000000000e-01 -1.324853452501093397e-12
1.062500000000000000e+01 -1.666666666666666297e-01 -1.324861563032322394e-12
1.062500000000000000e+01 4.166666666666674068e-02 -1.324964320364995334e-12
1.062500000000000000e+01 2.500000000000000000e-01 -1.324953587807408644e-12
1.062500000000000000e+01 4.583333333333334814e-01 -1.324900178045644724e-12
1.062500000000000000e+01 6.666666666666667407e-01 -1.084978246597420709e-12
1.062500000000000000e+01 8.750000000000000000e-01 -4.770952957015472325e-12
1.062500000000000000e+01 1.083333333333333481e+00 -3.960286373018464415e-12
1.062500000000000000e+01 1.291666666666666963e+00 -3.133943268142010882e-12
1.062500000000000000e+01 1.500000000000000000e+00 -2.441558180467204321e-12
1.062500000000000000e+01 1.708333333333333481e+00 -1.891225525502178252e-12
1.062500000000000000e+01 1.916666666666666963e+00 -1.444595046605844387e-12
1.062500000000000000e+01 2.125000000000000000e+00 -1.076461947928976989e-12
1.062500000000000000e+01 2.333333333333333481e+00 -7.665014888462843752e-13
1.062500000000000000e+01 2.541666666666666963e+00 -5.048126974114519602e-13
1.062500000000000000e+01 2.750000000000000000e+00 -2.612309647767294935e-12
1.062500000000000000e+01 2.958333333333333481e+00 -6.420017215576862420e-13
1.062500000000000000e+01 3.166666666666666963e+00 -6.976703369051006930e-14
1.062500000000000000e+01 3.375000000000000000e+00 -2.375556085343632904e-14
1.062500000000000000e+01 3.583333333333333925e+00 -7.018670667153746462e-15
1.062500000000000000e+01 3.791666666666666963e+00 -2.014174565384096094e-15
1.062500000000000000e+01 4.000000000000000000e+00 -6.003011891262844777e-16
1.091666666666666785e+01 -1.000000000000000000e+00 -2.574823831876114047e-12
1.091666666666666785e+01 -7.916666666666666297e-01 -2.574942374289470524e-12
1.091666666666666785e+01 -5.833333333333332593e-01 -2.575299175120646060e-12
1.091666666666666785e+01 -3.750000000000000000e-01 -2.574854189311837828e-12
1.091666666666666785e+01 -1.666666666666666297e-01 -2.575130384553214280e-12
1.091666666666666785e+01 4.166666666666674068e-02 -2.574937732246837492e-12
1.091666666666666785e+01 2.500000000000000000e-01 -2.575175394330211367e-12
1.091666666666666785e+01 4.583333333333334814e-01 -2.235594427218624720e-12
1.091666666666666785e+01 6.666666666666667407e-01 -1.164316543159095789e-11
1.091666666666666785e+01 8.750000000000000000e-01 -9.778217291001807287e-12
1.091666666666666785e+01 1.083333333333333481e+00 -7.757806650557383745e-12
1.091666666666666785e+01 1.291666666666666963e+00 -6.036858611523345865e-12
1.091666666666666785e+01 1.500000000000000000e+00 -4.657500623293938223e-12
1.091666666666666785e+01 1.708333333333333481e+00 -3.529658095161202474e-12
1.091666666666666785e+01 1.916666666666666963e+00 -2.591312022773420985e-12
1.091666666666666785e+01 2.125000000000000000e+00 -1.796391642108399815e-12
1.091666666666666785e+01 2.333333333333333481e+00 -1.136079565081219214e-12
1.091666666666666785e+01 2.541666666666666963e+00 -5.411705462670298208e-12
1.091666666666666785e+01 2.750000000000000000e+00 -9.611926721162436051e-13
1.091666666666666785e+01 2.958333333333333481e+00 -1.276698000682573557e-13
1.091666666666666785e+01 3.166666666666666963e+00 -4.028209647212117379e-14
1.091666666666666785e+01 3.375000000000000000e+00 -1.166347650839450219e-14
1.091666666666666785e+01 3.583333333333333925e+00 -3.372671475878552187e-15
1.091666666666666785e+01 3.791666666666666963e+00 -1.017505253902738960e-15
1.091666666666666785e+01 4.000000000000000000e+00 -2.633991832803274515e-16
1.120833333333333393e+01 -1.000000000000000000e+00 -4.972270233717349822e-12
1.120833333333333393e+01 -7.916666666666666297e-01 -4.972054463905705154e-12
1.120833333333333393e+01 -5.833333333333332593e-01 -4.972285439012181279e-12
1.120833333333333393e+01 -3.750000000000000000e-01 -4.972110095443375391e-12
1.120833333333333393e+01 -1.666666666666666297e-01 -4.972507833395262165e-12
1.120833333333333393e+01 4.166666666666674068e-02 -4.972878677460436770e-12
1.120833333333333393e+01 2.500000000000000000e-01 -4.642131577197020618e-12
1.120833333333333393e+01 4.583333333333334814e-01 -2.812204620636979230e-11
1.120833333333333393e+01 6.666666666666667407e-01 -2.404085787632127259e-11
1.120833333333333393e+01 8.750000000000000000e-01 -1.916066480652707300e-11
1.120833333333333393e+01 1.083333333333333481e+00 -1.489635267439958033e-11
1.120833333333333393e+01 1.291666666666666963e+00 -1.143658486956822169e-11
1.120833333333333393e+01 1.500000000000000000e+00 -8.580792908483399462e-12
1.120833333333333393e+01 1.708333333333333481e+00 -6.181531807797424955e-12
1.120833333333333393e+01 1.916666666666666963e+00 -4.147713226223397448e-12
1.120833333333333393e+01 2.125000000000000000e+00 -2.171744571627490705e-11
1.120833333333333393e+01 2.333333333333333481e+00 -1.022795414014495224e-11
1.120833333333333393e+01 2.541666666666666963e+00 -9.300377447954285149e-13
1.120833333333333393e+01 2.750000000000000000e+00 -2.246976702730116778e-13
1.120833333333333393e+01 2.958333333333333481e+00 -6.747331899919310636e-14
1.120833333333333393e+01 3.166666666666666963e+00 -1.937160426196922271e-14
1.120833333333333393e+01 3.375000000000000000e+00 -5.708657872142496071e-15
1.120833333333333393e+01 3.583333333333333925e+00 -1.678911611035562566e-15
1.120833333333333393e+01 3.791666666666666963e+00 -3.873085260738040667e-16
1.120833333333333393e+01 4.000000000000000000e+00 -7.052715114491004994e-17
1.150000000000000000e+01 -1.000000000000000000e+00 -9.475883351456325103e-12
1.150000000000000000e+01 -7.916666666666666297e-01 -9.476270317433012094e-12
1.150000000000000000e+01 -5.833333333333332593e-01 -9.476888785775685597e-12
1.150000000000000000e+01 -3.750000000000000000e-01 -9.476746922816370235e-12
1.150000000000000000e+01 -1.666666666666666297e-01 -9.476266984461822002e-12
1.150000000000000000e+01 4.166666666666674068e-02 -9.263794812485475874e-12
1.150000000000000000e+01 2.500000000000000000e-01 -6.663994853444669073e-11
1.150000000000000000e+01 4.583333333333334814e-01 -5.864172858139712159e-11
1.150000000000000000e+01 6.666666666666667407e-01 -4.714106539942089537e-11
1.150000000000000000e+01 8.750000000000000000e-01 -3.665267609004375794e-11
1.150000000000000000e+01 1.083333333333333481e+00 -2.797364148346721541e-11
1.150000000000000000e+01 1.291666666666666963e+00 -2.072429936665924233e-11
1.150000000000000000e+01 1.500000000000000000e+00 -1.457887790379478292e-11
1.150000000000000000e+01 1.708333333333333481e+00 -9.416151646777047216e-12
1.150000000000000000e+01 1.916666666666666963e+00 -4.701933028562097796e-11
1.150000000000000000e+01 2.125000000000000000e+00 -1.608980292089443568e-11
1.150000000000000000e+01 2.333333333333333481e+00 -1.177501522848266799e-12
1.150000000000000000e+01 2.541666666666666963e+00 -3.846532560869200027e-13
1.150000000000000000e+01 2.750000000000000000e+00 -1.123102718544791995e-13
1.150000000000000000e+01 2.958333333333333481e+00 -3.230467845084900411e-14
1.150000000000000000e+01 3.166666666666666963e+00 -9.715787797107357158e-15
1.150000000000000000e+01 3.375000000000000000e+00 -2.649679953887162701e-15
1.150000000000000000e+01 3.583333333333333925e+00 -5.474328441060874579e-16
1.150000000000000000e+01 3.791666666666666963e+00 -9.526941783952049438e-17
1.150000000000000000e+01 4.000000000000000000e+00 -1.740304328362863794e-17
1.179166666666666785e+01 -1.000000000000000000e+00 -1.760912858923196848e-11
1.179166666666666785e+01 -7.916666666666666297e-01 -1.760966548002020704e-11
1.179166666666666785e+01 -5.833333333333332593e-01 -1.760717164687539484e-11
1.179166666666666785e+01 -3.750000000000000000e-01 -1.760963804068609227e-11
1.179166666666666785e+01 -1.666666666666666297e-01 -1.751584343942815778e-11
1.179166666666666785e+01 4.166666666666674068e-02 -1.524905923999916258e-10
1.179166666666666785e+01 2.500000000000000000e-01 -1.409632012830280440e-10
1.179166666666666785e+01 4.583333333333334814e-01 -1.152284245298258364e-10
1.179166666666666785e+01 6.666666666666667407e-01 -8.980210217476915083e-11
1.179166666666666785e+01 8.750000000000000000e-01 -6.806104857647680563e-11
1.179166666666666785e+01 1.083333333333333481e+00 -4.962943800729489236e-11
1.179166666666666785e+01 1.291666666666666963e+00 -3.390719626128004655e-11
1.179166666666666785e+01 1.500000000000000000e+00 -2.099853662307432957e-11
1.179166666666666785e+01 1.708333333333333481e+00 -9.350730160790592262e-11
1.179166666666666785e+01 1.916666666666666963e+00 -1.687586410852545441e-11
1.179166666666666785e+01 2.125000000000000000e+00 -2.110576193096102521e-12
1.179166666666666785e+01 2.333333333333333481e+00 -6.476329709026812362e-13
1.179166666666666785e+01 2.541666666666666963e+00 -1.864918389953326186e-13
1.179166666666666785e+01 2.750000000000000000e+00 -5.437663374236524593e-14
1.179166666666666785e+01 2.958333333333333481e+00 -1.629736322573453170e-14
1.179166666666666785e+01 3.166666666666666963e+00 -3.985277512368367513e-15
1.179166666666666785e+01 3.375000000000000000e+00 -7.517576133704405101e-16
1.179166666666666785e+01 3.583333333333333925e+00 -1.298135819224965057e-16
1.179166666666666785e+01 3.791666666666666963e+00 -2.545692265465372558e-17
1.179166666666666785e+01 4.000000000000000000e+00 -6.105307762218779658e-18
1.208333333333333393e+01 -1.000000000000000000e+00 -3.112764855328085814e-11
1.208333333333333393e+01 -7.916666666666666297e-01 -3.112368520186773453e-11
1.208333333333333393e+01 -5.833333333333332593e-01 -3.112638457062858746e-11
1.208333333333333393e+01 -3.750000000000000000e-01 -3.110417773485458548e-11
1.208333333333333393e+01 -1.666666666666666297e-01 -3.272881641187873896e-10
1.208333333333333393e+01 4.166666666666674068e-02 -3.295313499326251203e-10
1.208333333333333393e+01 2.500000000000000000e-01 -2.782831136124771230e-10
1.208333333333333393e+01 4.583333333333334814e-01 -2.185849540869183679e-10
1.208333333333333393e+01 6.666666666666667407e-01 -1.643733856679037086e-10
1.208333333333333393e+01 8.750000000000000000e-01 -1.175433670621783917e-10
1.208333333333333393e+01 1.083333333333333481e+00 -7.757542503650540047e-11
1.208333333333333393e+01 1.291666666666666963e+00 -4.016794134625874126e-10
1.208333333333333393e+01 1.500000000000000000e+00 -1.632071942507347224e-10
1.208333333333333393e+01 1.708333333333333481e+00 -1.074068121485725646e-11
1.208333333333333393e+01 1.916666666666666963e+00 -3.657681327674849442e-12
1.208333333333333393e+01 2.125000000000000000e+00 -1.080748610381924091e-12
1.208333333333333393e+01 2.333333333333333481e+00 -3.101575049624425234e-13
1.208333333333333393e+01 2.541666666666666963e+00 -9.244030750752785976e-14
1.208333333333333393e+01 2.750000000000000000e+00 -2.633265617603818721e-14
1.208333333333333393e+01 2.958333333333333481e+00 -5.739186126140429378e-15
1.208333333333333393e+01 3.166666666666666963e+00 -1.017154085141739792e-15
1.208333333333333393e+01 3.375000000000000000e+00 -1.808973991685933765e-16
1.208333333333333393e+01 3.583333333333333925e+00 -3.856934611955500640e-17
1.208333333333333393e+01 3.791666666666666963e+00 -9.838974492992025420e-18
1.208333333333333393e+01 4.000000000000000000e+00 -2.778785037230206260e-18
1.237500000000000000e+01 -1.000000000000000000e+00 -4.993965353386212589e-11
1.237500000000000000e+01 -7.916666666666666297e-01 -4.994248650410408405e-11
1.237500000000000000e+01 -5.833333333333332593e-01 -4.993625130351374222e-11
1.237500000000000000e+01 -3.750000000000000000e-01 -6.239707860954828989e-10
1.237500000000000000e+01 -1.666666666666666297e-01 -7.310231299086135094e-10
1.237500000000000000e+01 4.166666666666674068e-02 -6.570773034274419316e-10
1.237500000000000000e+01 2.500000000000000000e-01 -5.264443800816829111e-10
1.237500000000000000e+01 4.583333333333334814e-01 -3.927648109323579397e-10
1.237500000000000000e+01 6.666666666666667407e-01 -2.744291239922198891e-10
1.237500000000000000e+01 8.750000000000000000e-01 -1.742362460660801264e-10
1.237500000000000000e+01 1.083333333333333481e+00 -8.267850876227769513e-10
1.237500000000000000e+01 1.291666666666666963e+00 -2.162298470401002506e-10
1.237500000000000000e+01 1.500000000000000000e+00 -1.964905284556835301e-11
1.237500000000000000e+01 1.708333333333333481e+00 -6.201331505288297982e-12
1.237500000000000000e+01 1.916666666666666963e+00 -1.795852352064765604e-12
1.237500000000000000e+01 2.125000000000000000e+00 -5.193299179684882219e-13
1.237500000000000000e+01 2.333333333333333481e+00 -1.566853971534064872e-13
1.237500000000000000e+01 2.541666666666666963e+00 -4.056139037459795479e-14
1.237500000000000000e+01 2.750000000000000000e+00 -7.981934999520733672e-15
1.237500000000000000e+01 2.958333333333333481e+00 -1.376827298758312448e-15
1.237500000000000000e+01 3.166666666666666963e+00 -2.599359374514576229e-16
1.237500000000000000e+01 3.375000000000000000e+00 -6.035688855047711073e-17
1.237500000000000000e+01 3.583333333333333925e+00 -1.614104562399760905e-17
1.237500000000000000e+01 3.791666666666666963e+00 -4.596198042431896389e-18
1.237500000000000000e+01 4.000000000000000000e+00 -1.322542020610697330e-18
1.266666666666666785e+01 -1.000000000000000000e+00 -6.637149855048521902e-11
1.266666666666666785e+01 -7.916666666666666297e-01 -6.637278486697145467e-11
1.266666666666666785e+01 -5.833333333333332593e-01 -9.560577385634922660e-10
1.266666666666666785e+01 -3.750000000000000000e-01 -1.464915375072692547e-09
1.266666666666666785e+01 -1.666666666666666297e-01 -1.486145133063507756e-09
1.266666666666666785e+01 4.166666666666674068e-02 -1.245595565854004335e-09
1.266666666666666785e+01 2.500000000000000000e-01 -9.236754461114423001e-10
1.266666666666666785e+01 4.583333333333334814e-01 -6.289696218849134327e-10
1.266666666666666785e+01 6.666666666666667407e-01 -3.837621751453518638e-10
1.266666666666666785e+01 8.750000000000000000e-01 -1.528299280417176221e-09
1.266666666666666785e+01 1.083333333333333481e+00 -1.464959052233444194e-10
1.266666666666666785e+01 1.291666666666666963e+00 -3.456879260110759247e-11
1.266666666666666785e+01 1.500000000000000000e+00 -1.038593905939875320e-11
1.266666666666666785e+01 1.708333333333333481e+00 -2.982188446834322192e-12
1.266666666666666785e+01 1.916666666666666963e+00 -8.788405298543245906e-13
1.266666666666666785e+01 2.125000000000000000e+00 -2.584421990188289578e-13
1.266666666666666785e+01 2.333333333333333481e+00 -5.972360650775558899e-14
1.266666666666666785e+01 2.541666666666666963e+00 -1.087714307607548495e-14
1.266666666666666785e+01 2.750000000000000000e+00 -1.894899614266194246e-15
1.266666666666666785e+01 2.958333333333333481e+00 -3.935771171077762911e-16
1.266666666666666785e+01 3.166666666666666963e+00 -9.426475282730198586e-17
1.266666666666666785e+01 3.375000000000000000e+00 -2.879685662328669989e-17
1.266666666666666785e+01 3.583333333333333925e+00 -6.035161188519872000e-18
1.266666666666666785e+01 3.791666666666666963e+00 -2.331301667792033138e-18
1.266666666666666785e+01 4.000000000000000000e+00 -7.867065896125460091e-19
1.295833333333333393e+01 -1.000000000000000000e+00 -6.140608551199167930e-11
1.295833333333333393e+01 -7.916666666666666297e-01 -9.796114338476594178e-10
1.295833333333333393e+01 -5.833333333333332593e-01 -2.421292198652848173e-09
1.295833333333333393e+01 -3.750000000000000000e-01 -3.096673446109990108e-09
1.295833333333333393e+01 -1.666666666666666297e-01 -2.859342399009566724e-09
1.295833333333333393e+01 4.166666666666674068e-02 -2.119614242012571946e-09
1.295833333333333393e+01 2.500000000000000000e-01 -1.407326398716377020e-09
1.295833333333333393e+01 4.583333333333334814e-01 -5.526234810543806294e-09
1.295833333333333393e+01 6.666666666666667407e-01 -2.235127547669849956e-09
1.295833333333333393e+01 8.750000000000000000e-01 -1.805934666656100513e-10
1.295833333333333393e+01 1.083333333333333481e+00 -5.911332824903462561e-11
1.295833333333333393e+01 1.291666666666666963e+00 -1.727901000210287194e-11
1.295833333333333393e+01 1.500000000000000000e+00 -4.971907516675708448e-12
1.295833333333333393e+01 1.708333333333333481e+00 -1.499311162599194288e-12
1.295833333333333393e+01 1.916666666666666963e+00 -4.090872577705585088e-13
1.295833333333333393e+01 2.125000000000000000e+00 -8.423278936004084477e-14
1.295833333333333393e+01 2.333333333333333481e+00 -1.427065925910970734e-14
1.295833333333333393e+01 2.541666666666666963e+00 -2.658573249907335995e-15
1.295833333333333393e+01 2.750000000000000000e+00 -5.949787890284470714e-16
1.295833333333333393e+01 2.958333333333333481e+00 -1.562131975818659577e-16
1.295833333333333393e+01 3.166666666666666963e+00 -2.976693956534738837e-17
1.295833333333333393e+01 3.375000000000000000e+00 -1.085811444828645358e-17
1.295833333333333393e+01 3.583333333333333925e+00 -2.676293636429821444e-18
1.295833333333333393e+01 3.791666666666666963e+00 4.816724421702680063e-19
1.295833333333333393e+01 4.000000000000000000e+00 -3.540632993576841182e-19
1.325000000000000000e+01 -1.000000000000000000e+00 -4.759583769188522026e-10
1.325000000000000000e+01 -7.916666666666666297e-01 -2.786413749329109429e-09
1.325000000000000000e+01 -5.833333333333332593e-01 -5.539213950845895120e-09
1.325000000000000000e+01 -3.750000000000000000e-01 -6.240460373327131324e-09
1.325000000000000000e+01 -1.666666666666666297e-01 -4.681066502565175141e-09
1.325000000000000000e+01 4.166666666666674068e-02 -3.050915420361150276e-09
1.325000000000000000e+01 2.500000000000000000e-01 -1.074885351267238427e-08
1.325000000000000000e+01 4.583333333333334814e-01 -1.785841361257766344e-09
1.325000000000000000e+01 6.666666666666667407e-01 -3.223757954782964693e-10
1.325000000000000000e+01 8.750000000000000000e-01 -9.930830311022239839e-11
1.325000000000000000e+01 1.083333333333333481e+00 -2.864376782718435821e-11
1.325000000000000000e+01 1.291666666666666963e+00 -8.371225617531121257e-12
1.325000000000000000e+01 1.500000000000000000e+00 -2.503961715073804328e-12
1.325000000000000000e+01 1.708333333333333481e+00 -6.154933259568095046e-13
1.325000000000000000e+01 1.916666666666666963e+00 -1.145398027279293469e-13
1.325000000000000000e+01 2.125000000000000000e+00 -1.980406322731681309e-14
1.325000000000000000e+01 2.333333333333333481e+00 -3.919936186611441915e-15
1.325000000000000000e+01 2.541666666666666963e+00 -9.435649402035513480e-16
1.325000000000000000e+01 2.750000000000000000e+00 -2.320979506340002510e-16
1.325000000000000000e+01 2.958333333333333481e+00 -1.073909589213215259e-16
1.325000000000000000e+01 3.166666666666666963e+00 -2.887870073436702277e-17
1.325000000000000000e+01 3.375000000000000000e+00 -1.896350400029576932e-18
1.325000000000000000e+01 3.583333333333333925e+00 3.245288211478133518e-18
1.325000000000000000e+01 3.791666666666666963e+00 -1.006722876925364499e-18
1.325000000000000000e+01 4.000000000000000000e+00 -5.014407856594546070e-18
1.354166666666666785e+01 -1.000000000000000000e+00 -1.647466664998464164e-09
1.354166666666666785e+01 -7.916666666666666297e-01 -7.533991134783492656e-09
1.354166666666666785e+01 -5.833333333333332593e-01 -1.259175252004203207e-08
1.354166666666666785e+01 -3.750000000000000000e-01 -9.749187920180062491e-09
1.354166666666666785e+01 -1.666666666666666297e-01 -6.335278345452562544e-09
1.354166666666666785e+01 4.166666666666674068e-02 -1.325779200083219518e-08
1.354166666666666785e+01 2.500000000000000000e-01 -1.602727340398927130e-09
1.354166666666666785e+01 4.583333333333334814e-01 -5.539762116924742495e-10
1.354166666666666785e+01 6.666666666666667407e-01 -1.649545659676275586e-10
1.354166666666666785e+01 8.750000000000000000e-01 -4.754655912611601206e-11
1.354166666666666785e+01 1.083333333333333481e+00 -1.420406094986720854e-11
1.354166666666666785e+01 1.291666666666666963e+00 -4.050688052928033237e-12
1.354166666666666785e+01 1.500000000000000000e+00 -8.826730884047029247e-13
1.354166666666666785e+01 1.708333333333333481e+00 -1.566696837330910299e-13
1.354166666666666785e+01 1.916666666666666963e+00 -2.682407557040028008e-14
1.354166666666666785e+01 2.125000000000000000e+00 -5.788259831412067271e-15
1.354166666666666785e+01 2.333333333333333481e+00 -1.601639980055544222e-15
1.354166666666666785e+01 2.541666666666666963e+00 -4.294056307445891517e-16
1.354166666666666785e+01 2.750000000000000000e+00 -1.358110220707491238e-16
1.354166666666666785e+01 2.958333333333333481e+00 -7.869718832778100019e-17
1.354166666666666785e+01 3.166666666666666963e+00 -1.134283670495092820e-17
1.354166666666666785e+01 3.375000000000000000e+00 -4.598522224534765470e-19
1.354166666666666785e+01 3.583333333333333925e+00 -4.905063214874632207e-19
1.354166666666666785e+01 3.791666666666666963e+00 -2.624763486422992568e-18
1.354166666666666785e+01 4.000000000000000000e+00 -2.338330274586649291e-18
1.383333333333333393e+01 -1.000000000000000000e+00 -6.324637067114180427e-09
1.383333333333333393e+01 -7.916666666666666297e-01 -2.279408762382690144e-08
1.383333333333333393e+01 -5.833333333333332593e-01 -1.866833170894110475e-08
1.383333333333333393e+01 -3.750000000000000000e-01 -1.238766964831577878e-08
1.383333333333333393e+01 -1.666666666666666297e-01 -8.464727120879142838e-09
1.383333333333333393e+01 4.166666666666674068e-02 -2.844852831612317854e-09
1.383333333333333393e+01 2.500000000000000000e-01 -9.230436017944458739e-10
1.383333333333333393e+01 4.583333333333334814e-01 -2.715057332045435290e-10
1.383333333333333393e+01 6.666666666666667407e-01 -7.924347766835614448e-11
1.383333333333333393e+01 8.750000000000000000e-01 -2.402472986281578375e-11
1.383333333333333393e+01 1.083333333333333481e+00 -6.231938621649382360e-12
1.383333333333333393e+01 1.291666666666666963e+00 -1.227867464279501017e-12
1.383333333333333393e+01 1.500000000000000000e+00 -2.118782798378660958e-13
1.383333333333333393e+01 1.708333333333333481e+00 -4.000687740166884969e-14
1.383333333333333393e+01 1.916666666666666963e+00 -9.269378663449989497e-15
1.383333333333333393e+01 2.125000000000000000e+00 -2.459907320708655306e-15
1.383333333333333393e+01 2.333333333333333481e+00 -7.275236458614015674e-16
1.383333333333333393e+01 2.541666666666666963e+00 -2.157022662190468934e-16
1.383333333333333393e+01 2.750000000000000000e+00 -6.533957730244709919e-17
1.383333333333333393e+01 2.958333333333333481e+00 -1.842620943336767324e-17
1.383333333333333393e+01 3.166666666666666963e+00 -5.837995864587760540e-18
1.383333333333333393e+01 3.375000000000000000e+00 -7.479143767654258276e-19
1.383333333333333393e+01 3.583333333333333925e+00 -9.025036285634129280e-20
1.383333333333333393e+01 3.791666666666666963e+00 -4.585921540944945228e-19
1.383333333333333393e+01 4.000000000000000000e+00 5.948418103772267339e-19
1.412500000000000000e+01 -1.000000000000000000e+00 -3.626204206454826242e-08
1.412500000000000000e+01 -7.916666666666666297e-01 -3.210163765084644366e-08
1.412500000000000000e+01 -5.833333333333332593e-01 -2.231220158710483952e-08
1.412500000000000000e+01 -3.750000000000000000e-01 -1.210229694386120743e-08
1.412500000000000000e+01 -1.666666666666666297e-01 -4.736923717497096888e-09
1.412500000000000000e+01 4.166666666666674068e-02 -1.494222388882376973e-09
1.412500000000000000e+01 2.500000000000000000e-01 -4.423433197295785776e-10
1.412500000000000000e+01 4.583333333333334814e-01 -1.328931885702771306e-10
1.412500000000000000e+01 6.666666666666667407e-01 -3.946688274633996401e-11
1.412500000000000000e+01 8.750000000000000000e-01 -9.141714230864369902e-12
1.412500000000000000e+01 1.083333333333333481e+00 -1.667832982278258079e-12
1.412500000000000000e+01 1.291666666666666963e+00 -2.912697316325402627e-13
1.412500000000000000e+01 1.500000000000000000e+00 -5.954694443759254523e-14
1.412500000000000000e+01 1.708333333333333481e+00 -1.478022037611442076e-14
1.412500000000000000e+01 1.916666666666666963e+00 -4.115167109835656508e-15
1.412500000000000000e+01 2.125000000000000000e+00 -1.203177320490510800e-15
1.412500000000000000e+01 2.333333333333333481e+00 -3.587233410138148766e-16
1.412500000000000000e+01 2.541666666666666963e+00 -1.080493515230756102e-16
1.412500000000000000e+01 2.750000000000000000e+00 -3.225852723384807987e-17
1.412500000000000000e+01 2.958333333333333481e+00 -9.556176499486473080e-18
1.412500000000000000e+01 3.166666666666666963e+00 -2.918153365144498245e-18
1.412500000000000000e+01 3.375000000000000000e+00 -9.037873557289945212e-19
1.412500000000000000e+01 3.583333333333333925e+00 -2.906153674195230061e-19
1.412500000000000000e+01 3.791666666666666963e+00 7.991089247710866041e-20
1.412500000000000000e+01 4.000000000000000000e+00 -2.590922833652322484e-20
1.441666666666666785e+01 -1.000000000000000000e+00 -4.907735022065596296e-08
1.441666666666666785e+01 -7.916666666666666297e-01 -3.631804757602455043e-08
1.441666666666666785e+01 -5.833333333333332593e-01 -1.963501976667996699e-08
1.441666666666666785e+01 -3.750000000000000000e-01 -7.411670312032104257e-09
1.441666666666666785e+01 -1.666666666666666297e-01 -2.342715945078746335e-09
1.441666666666666785e+01 4.166666666666674068e-02 -7.118011015725081899e-10
1.441666666666666785e+01 2.500000000000000000e-01 -2.221597686763817162e-10
1.441666666666666785e+01 4.583333333333334814e-01 -6.171219220070228105e-11
1.441666666666666785e+01 6.666666666666667407e-01 -1.285088720599148524e-11
1.441666666666666785e+01 8.750000000000000000e-01 -2.245396716808732339e-12
1.441666666666666785e+01 1.083333333333333481e+00 -4.111458910429240387e-13
1.441666666666666785e+01 1.291666666666666963e+00 -9.137951596894183599e-14
1.441666666666666785e+01 1.500000000000000000e+00 -2.402464220268932014e-14
1.441666666666666785e+01 1.708333333333333481e+00 -6.863182094246241873e-15
1.441666666666666785e+01 1.916666666666666963e+00 -2.026865504456529819e-15
1.441666666666666785e+01 2.125000000000000000e+00 -6.071184005510135094e-16
1.441666666666666785e+01 2.333333333333333481e+00 -1.826769385830354953e-16
1.441666666666666785e+01 2.541666666666666963e+00 -5.460772747038619621e-17
1.441666666666666785e+01 2.750000000000000000e+00 -1.574756914931420759e-17
1.441666666666666785e+01 2.958333333333333481e+00 -4.979881830292988539e-18
1.441666666666666785e+01 3.166666666666666963e+00 -1.506759829188914263e-18
1.441666666666666785e+01 3.375000000000000000e+00 2.517500985919113144e-19
1.441666666666666785e+01 3.583333333333333925e+00 -1.437526618766983026e-19
1.441666666666666785e+01 3.791666666666666963e+00 -4.434526270490098985e-20
1.441666666666666785e+01 4.000000000000000000e+00 -1.369752644486867738e-20
1.470833333333333393e+01 -1.000000000000000000e+00 -5.323537549295470303e-08
1.470833333333333393e+01 -7.916666666666666297e-01 -2.915156216098443291e-08
1.470833333333333393e+01 -5.833333333333332593e-01 -1.100767969185866392e-08
1.470833333333333393e+01 -3.750000000000000000e-01 -3.554140533166354715e-09
1.470833333333333393e+01 -1.666666666666666297e-01 -1.129145120507290999e-09
1.470833333333333393e+01 4.166666666666674068e-02 -3.602824678451808168e-10
1.470833333333333393e+01 2.500000000000000000e-01 -9.097513919584900490e-11
1.470833333333333393e+01 4.583333333333334814e-01 -1.742463304261847325e-11
1.470833333333333393e+01 6.666666666666667407e-01 -3.034571246422460792e-12
1.470833333333333393e+01 8.750000000000000000e-01 -5.986828806921146162e-13
1.470833333333333393e+01 1.083333333333333481e+00 -1.441627916567976857e-13
1.470833333333333393e+01 1.291666666666666963e+00 -3.956285652072235120e-14
1.470833333333333393e+01 1.500000000000000000e+00 -1.152529733540517260e-14
1.470833333333333393e+01 1.708333333333333481e+00 -3.420318810102563108e-15
1.470833333333333393e+01 1.916666666666666963e+00 -1.029258290025124625e-15
1.470833333333333393e+01 2.125000000000000000e+00 -3.083527612689114286e-16
1.470833333333333393e+01 2.333333333333333481e+00 -9.151256505457744147e-17
1.470833333333333393e+01 2.541666666666666963e+00 -2.762970932528095528e-17
1.470833333333333393e+01 2.750000000000000000e+00 -8.429213057911868715e-18
1.470833333333333393e+01 2.958333333333333481e+00 -2.556872731237663727e-18
1.470833333333333393e+01 3.166666666666666963e+00 -7.978003433566328334e-19
1.470833333333333393e+01 3.375000000000000000e+00 -2.458858097167170340e-19
1.470833333333333393e+01 3.583333333333333925e+00 -7.589162869231354100e-20
1.470833333333333393e+01 3.791666666666666963e+00 -2.345417757990438031e-20
1.470833333333333393e+01 4.000000000000000000e+00 -7.256551582092749619e-21
1.500000000000000000e+01 -1.000000000000000000e+00 -4.037855019204249539e-08
1.500000000000000000e+01 -7.916666666666666297e-01 -1.574186921386076867e-08
1.500000000000000000e+01 -5.833333333333332593e-01 -5.263038097522753989e-09
1.500000000000000000e+01 -3.750000000000000000e-01 -1.762614846028048551e-09
1.500000000000000000e+01 -1.666666666666666297e-01 -5.477360319587709374e-10
1.500000000000000000e+01 4.166666666666674068e-02 -1.254079506604551245e-10
1.500000000000000000e+01 2.500000000000000000e-01 -2.286220792787399359e-11
1.500000000000000000e+01 4.583333333333334814e-01 -4.147357806504744523e-12
1.500000000000000000e+01 6.666666666666667407e-01 -8.968350184907769195e-13
1.500000000000000000e+01 8.750000000000000000e-01 -2.314673723859735767e-13
1.500000000000000000e+01 1.083333333333333481e+00 -6.562483064069497082e-14
1.500000000000000000e+01 1.291666666666666963e+00 -1.931796554051714904e-14
1.500000000000000000e+01 1.500000000000000000e+00 -5.785089551288595985e-15
1.500000000000000000e+01 1.708333333333333481e+00 -1.741827558314822901e-15
1.500000000000000000e+01 1.916666666666666963e+00 -5.179808104474068404e-16
1.500000000000000000e+01 2.125000000000000000e+00 -1.548003874685896790e-16
1.500000000000000000e+01 2.333333333333333481e+00 -4.712678685169275973e-17
1.500000000000000000e+01 2.541666666666666963e+00 -1.441802486039538111e-17
1.500000000000000000e+01 2.750000000000000000e+00 -4.430372772931706332e-18
1.500000000000000000e+01 2.958333333333333481e+00 -1.364130977316954682e-18
1.500000000000000000e+01 3.166666666666666963e+00 -4.206732722974507675e-19
1.500000000000000000e+01 3.375000000000000000e+00 -1.299098891278460637e-19
1.500000000000000000e+01 3.583333333333333925e+00 -4.016771708896967768e-20
1.500000000000000000e+01 3.791666666666666963e+00 -1.243283674070867361e-20
1.500000000000000000e+01 4.000000000000000000e+00 -3.852800847793375326e-21
