8.000000000000000000e+00 -1.000000000000000000e+00 -6.530845634801379031e-14
8.000000000000000000e+00 -7.916666666666666297e-01 -5.903353493977496611e-14
8.000000000000000000e+00 -5.833333333333332593e-01 -4.924486772222672818e-14
8.000000000000000000e+00 -3.750000000000000000e-01 -3.919721520313873479e-14
8.000000000000000000e+00 -1.666666666666666297e-01 -2.856759436012939452e-14
8.000000000000000000e+00 4.166666666666674068e-02 -1.922262455154914446e-14
8.000000000000000000e+00 2.500000000000000000e-01 -1.187117192387133768e-14
8.000000000000000000e+00 4.583333333333334814e-01 -6.931197526616113255e-15
8.000000000000000000e+00 6.666666666666667407e-01 -4.326956947905721975e-15
8.000000000000000000e+00 8.750000000000000000e-01 -3.382582105627216451e-15
8.000000000000000000e+00 1.083333333333333481e+00 -3.183992167483791569e-15
8.000000000000000000e+00 1.291666666666666963e+00 -3.164851302506658287e-15
8.000000000000000000e+00 1.500000000000000000e+00 -3.164719691654393899e-15
8.000000000000000000e+00 1.708333333333333481e+00 -3.164418566308565345e-15
8.000000000000000000e+00 1.916666666666666963e+00 -3.164544390192411795e-15
8.000000000000000000e+00 2.125000000000000000e+00 -3.164680551247646514e-15
8.000000000000000000e+00 2.333333333333333481e+00 -3.164051613671836225e-15
8.000000000000000000e+00 2.541666666666666963e+00 -1.981978321161171520e-15
8.000000000000000000e+00 2.750000000000000000e+00 -1.497515596745955007e-15
8.000000000000000000e+00 2.958333333333333481e+00 -1.120858634555935882e-15
8.000000000000000000e+00 3.166666666666666963e+00 -8.683085149807097613e-16
8.000000000000000000e+00 3.375000000000000000e+00 -6.864880122054474252e-16
8.000000000000000000e+00 3.583333333333333925e+00 -5.385597921796435437e-16
8.000000000000000000e+00 3.791666666666666963e+00 -4.214246411168283034e-16
8.000000000000000000e+00 4.000000000000000000e+00 -3.289883400785772519e-16
8.291666666666666075e+00 -1.000000000000000000e+00 -1.213601589134558021e-13
8.291666666666666075e+00 -7.916666666666666297e-01 -1.048979038503516586e-13
8.291666666666666075e+00 -5.833333333333332593e-01 -8.523838016121431529e-14
8.291666666666666075e+00 -3.750000000000000000e-01 -6.175423294161976524e-14
8.291666666666666075e+00 -1.666666666666666297e-01 -4.023874061926812350e-14
8.291666666666666075e+00 4.166666666666674068e-02 -2.348486905925322513e-14
8.291666666666666075e+00 2.500000000000000000e-01 -1.288796628402075396e-14
8.291666666666666075e+00 4.583333333333334814e-01 -7.934161422026130140e-15
8.291666666666666075e+00 6.666666666666667407e-01 -6.445568301594810750e-15
8.291666666666666075e+00 8.750000000000000000e-01 -6.209693314310346567e-15
8.291666666666666075e+00 1.083333333333333481e+00 -6.193569757055772530e-15
8.291666666666666075e+00 1.291666666666666963e+00 -6.193921756866956040e-15
8.291666666666666075e+00 1.500000000000000000e+00 -6.193830748298590097e-15
8.291666666666666075e+00 1.708333333333333481e+00 -6.193852554810301623e-15
8.291666666666666075e+00 1.916666666666666963e+00 -6.193675248616542449e-15
8.291666666666666075e+00 2.125000000000000000e+00 -6.192957175021554907e-15
8.291666666666666075e+00 2.333333333333333481e+00 -4.559858157517297986e-15
8.291666666666666075e+00 2.541666666666666963e+00 -3.680323413802411319e-15
8.291666666666666075e+00 2.750000000000000000e+00 -2.785494162148442824e-15
8.291666666666666075e+00 2.958333333333333481e+00 -2.160814254168903605e-15
8.291666666666666075e+00 3.166666666666666963e+00 -1.707067547626962229e-15
8.291666666666666075e+00 3.375000000000000000e+00 -1.338240887590710787e-15
8.291666666666666075e+00 3.583333333333333925e+00 -1.046188920540878677e-15
8.291666666666666075e+00 3.791666666666666963e+00 -8.153404493336872260e-16
8.291666666666666075e+00 4.000000000000000000e+00 -6.315763330299739822e-16
8.583333333333333925e+00 -1.000000000000000000e+00 -2.112165991774757003e-13
8.583333333333333925e+00 -7.916666666666666297e-01 -1.768825378350573985e-13
8.583333333333333925e+00 -5.833333333333332593e-01 -1.282268929557665345e-13
8.583333333333333925e+00 -3.750000000000000000e-01 -8.109654866593800471e-14
8.583333333333333925e+00 -1.666666666666666297e-01 -4.469415246289653027e-14
8.583333333333333925e+00 4.166666666666674068e-02 -2.323651290162202153e-14
8.583333333333333925e+00 2.500000000000000000e-01 -1.448980682047656354e-14
8.583333333333333925e+00 4.583333333333334814e-01 -1.237771710773872472e-14
8.583333333333333925e+00 6.666666666666667407e-01 -1.213510441668160168e-14
8.583333333333333925e+00 8.750000000000000000e-01 -1.212316781912862950e-14
8.583333333333333925e+00 1.083333333333333481e+00 -1.212245144245923456e-14
8.583333333333333925e+00 1.291666666666666963e+00 -1.212391968780803564e-14
8.583333333333333925e+00 1.500000000000000000e+00 -1.212273839576609885e-14
8.583333333333333925e+00 1.708333333333333481e+00 -1.212169901655782744e-14
8.583333333333333925e+00 1.916666666666666963e+00 -1.212491952882034440e-14
8.583333333333333925e+00 2.125000000000000000e+00 -1.031007454905059474e-14
8.583333333333333925e+00 2.333333333333333481e+00 -9.048047233435892820e-15
8.583333333333333925e+00 2.541666666666666963e+00 -6.921854528766923065e-15
8.583333333333333925e+00 2.750000000000000000e+00 -5.376579895527534471e-15
8.583333333333333925e+00 2.958333333333333481e+00 -4.244141067491637857e-15
8.583333333333333925e+00 3.166666666666666963e+00 -3.324317190704370413e-15
8.583333333333333925e+00 3.375000000000000000e+00 -2.595742003523506285e-15
8.583333333333333925e+00 3.583333333333333925e+00 -2.018661351939446191e-15
8.583333333333333925e+00 3.791666666666666963e+00 -1.557643225632612030e-15
8.583333333333333925e+00 4.000000000000000000e+00 -1.184315809928269321e-15
8.875000000000000000e+00 -1.000000000000000000e+00 -3.452153003728471478e-13
8.875000000000000000e+00 -7.916666666666666297e-01 -2.519826547268098303e-13
8.875000000000000000e+00 -5.833333333333332593e-01 -1.553844796730767967e-13
8.875000000000000000e+00 -3.750000000000000000e-01 -8.112115170952127668e-14
8.875000000000000000e+00 -1.666666666666666297e-01 -4.067512611563309662e-14
8.875000000000000000e+00 4.166666666666674068e-02 -2.660166282568305369e-14
8.875000000000000000e+00 2.500000000000000000e-01 -2.394710070467269099e-14
8.875000000000000000e+00 4.583333333333334814e-01 -2.373420127363038163e-14
8.875000000000000000e+00 6.666666666666667407e-01 -2.372750779376775674e-14
8.875000000000000000e+00 8.750000000000000000e-01 -2.372302720435863928e-14
8.875000000000000000e+00 1.083333333333333481e+00 -2.372697995930407445e-14
8.875000000000000000e+00 1.291666666666666963e+00 -2.372821157695723449e-14
8.875000000000000000e+00 1.500000000000000000e+00 -2.372816337205645741e-14
8.875000000000000000e+00 1.708333333333333481e+00 -2.372633411832210624e-14
8.875000000000000000e+00 1.916666666666666963e+00 -2.269188643822610137e-14
8.875000000000000000e+00 2.125000000000000000e+00 -2.226273034384569248e-14
8.875000000000000000e+00 2.333333333333333481e+00 -1.719920264624510593e-14
8.875000000000000000e+00 2.541666666666666963e+00 -1.337592907214562255e-14
8.875000000000000000e+00 2.750000000000000000e+00 -1.054940221311306779e-14
8.875000000000000000e+00 2.958333333333333481e+00 -8.254715695231704365e-15
8.875000000000000000e+00 3.166666666666666963e+00 -6.435909175038109319e-15
8.875000000000000000e+00 3.375000000000000000e+00 -4.991556480430558745e-15
8.875000000000000000e+00 3.583333333333333925e+00 -3.832646871727152812e-15
8.875000000000000000e+00 3.791666666666666963e+00 -2.887603559233425179e-15
8.875000000000000000e+00 4.000000000000000000e+00 -2.099849325269895463e-15
9.166666666666666075e+00 -1.000000000000000000e+00 -4.619118129032518956e-13
9.166666666666666075e+00 -7.916666666666666297e-01 -2.786503851858710573e-13
9.166666666666666075e+00 -5.833333333333332593e-01 -1.393085705518263852e-13
9.166666666666666075e+00 -3.750000000000000000e-01 -6.976824643819807356e-14
9.166666666666666075e+00 -1.666666666666666297e-01 -4.947807598689186463e-14
9.166666666666666075e+00 4.166666666666674068e-02 -4.659364503609174979e-14
9.166666666666666075e+00 2.500000000000000000e-01 -4.644112787396573250e-14
9.166666666666666075e+00 4.583333333333334814e-01 -4.643844164371837339e-14
9.166666666666666075e+00 6.666666666666667407e-01 -4.643338838652932248e-14
9.166666666666666075e+00 8.750000000000000000e-01 -4.643760767285543555e-14
9.166666666666666075e+00 1.083333333333333481e+00 -4.643990843775397376e-14
9.166666666666666075e+00 1.291666666666666963e+00 -4.643763329552404325e-14
9.166666666666666075e+00 1.500000000000000000e+00 -4.643709283586637682e-14
9.166666666666666075e+00 1.708333333333333481e+00 -4.807851954354381583e-14
9.166666666666666075e+00 1.916666666666666963e+00 -5.478944430741620279e-14
9.166666666666666075e+00 2.125000000000000000e+00 -4.273370324879590045e-14
9.166666666666666075e+00 2.333333333333333481e+00 -3.326990211410335163e-14
9.166666666666666075e+00 2.541666666666666963e+00 -2.621426380952361657e-14
9.166666666666666075e+00 2.750000000000000000e+00 -2.048748415437980288e-14
9.166666666666666075e+00 2.958333333333333481e+00 -1.594305649567538071e-14
9.166666666666666075e+00 3.166666666666666963e+00 -1.232273119911249554e-14
9.166666666666666075e+00 3.375000000000000000e+00 -9.402331386353985503e-15
9.166666666666666075e+00 3.583333333333333925e+00 -7.001631354161782329e-15
9.166666666666666075e+00 3.791666666666666963e+00 -4.983535813205789990e-15
9.166666666666666075e+00 4.000000000000000000e+00 -3.281376585387134583e-15
9.458333333333333925e+00 -1.000000000000000000e+00 -4.625554547944890788e-13
9.458333333333333925e+00 -7.916666666666666297e-01 -2.257304894948750843e-13
9.458333333333333925e+00 -5.833333333333332593e-01 -1.190923843183693428e-13
9.458333333333333925e+00 -3.750000000000000000e-01 -9.361067849506787034e-14
9.458333333333333925e+00 -1.666666666666666297e-01 -9.096980264202698156e-14
9.458333333333333925e+00 4.166666666666674068e-02 -9.087894714593042616e-14
9.458333333333333925e+00 2.500000000000000000e-01 -9.087252457728932728e-14
9.458333333333333925e+00 4.583333333333334814e-01 -9.087477883255591692e-14
9.458333333333333925e+00 6.666666666666667407e-01 -9.087574759750178047e-14
9.458333333333333925e+00 8.750000000000000000e-01 -9.088439221325398462e-14
9.458333333333333925e+00 1.083333333333333481e+00 -9.087005485565763134e-14
9.458333333333333925e+00 1.291666666666666963e+00 -9.087117561586808067e-14
9.458333333333333925e+00 1.500000000000000000e+00 -9.700233236202554848e-14
9.458333333333333925e+00 1.708333333333333481e+00 -1.348484968165611757e-13
9.458333333333333925e+00 1.916666666666666963e+00 -1.061550848180060598e-13
9.458333333333333925e+00 2.125000000000000000e+00 -8.272989430238513810e-14
9.458333333333333925e+00 2.333333333333333481e+00 -6.511530732008289696e-14
9.458333333333333925e+00 2.541666666666666963e+00 -5.081629646445756194e-14
9.458333333333333925e+00 2.750000000000000000e+00 -3.944971377803459678e-14
9.458333333333333925e+00 2.958333333333333481e+00 -3.035867712920310477e-14
9.458333333333333925e+00 3.166666666666666963e+00 -2.297803621893180388e-14
9.458333333333333925e+00 3.375000000000000000e+00 -1.685704256367376568e-14
9.458333333333333925e+00 3.583333333333333925e+00 -1.168091488809396831e-14
9.458333333333333925e+00 3.791666666666666963e+00 -7.385646077113725514e-15
9.458333333333333925e+00 4.000000000000000000e+00 -4.417178259883654100e-15
9.750000000000000000e+00 -1.000000000000000000e+00 -3.495391627377400224e-13
9.750000000000000000e+00 -7.916666666666666297e-01 -2.070298274612958069e-13
9.750000000000000000e+00 -5.833333333333332593e-01 -1.797657367480760499e-13
9.750000000000000000e+00 -3.750000000000000000e-01 -1.778117140120115708e-13
9.750000000000000000e+00 -1.666666666666666297e-01 -1.777830408540533890e-13
9.750000000000000000e+00 4.166666666666674068e-02 -1.777646918942475843e-13
9.750000000000000000e+00 2.500000000000000000e-01 -1.777713439374572840e-13
9.750000000000000000e+00 4.583333333333334814e-01 -1.777804092124484425e-13
9.750000000000000000e+00 6.666666666666667407e-01 -1.777703879630896548e-13
9.750000000000000000e+00 8.750000000000000000e-01 -1.777818404568445950e-13
9.750000000000000000e+00 1.083333333333333481e+00 -1.778040952695274532e-13
9.750000000000000000e+00 1.291666666666666963e+00 -1.855029111216292799e-13
9.750000000000000000e+00 1.500000000000000000e+00 -3.318959030877768091e-13
9.750000000000000000e+00 1.708333333333333481e+00 -2.636228338916517835e-13
9.750000000000000000e+00 1.916666666666666963e+00 -2.056448119977049951e-13
9.750000000000000000e+00 2.125000000000000000e+00 -1.616655838814213258e-13
9.750000000000000000e+00 2.333333333333333481e+00 -1.259422136686992551e-13
9.750000000000000000e+00 2.541666666666666963e+00 -9.747535850392841787e-14
9.750000000000000000e+00 2.750000000000000000e+00 -7.459610828953831825e-14
9.750000000000000000e+00 2.958333333333333481e+00 -5.588108114132010058e-14
9.750000000000000000e+00 3.166666666666666963e+00 -4.022124840141640966e-14
9.750000000000000000e+00 3.375000000000000000e+00 -2.697507928631296494e-14
9.750000000000000000e+00 3.583333333333333925e+00 -1.410973508284882128e-13
9.750000000000000000e+00 3.791666666666666963e+00 -8.660938873744056213e-15
9.750000000000000000e+00 4.000000000000000000e+00 -4.023992074180305438e-15
1.004166666666666785e+01 -1.000000000000000000e+00 -3.726552638395921843e-13
1.004166666666666785e+01 -7.916666666666666297e-01 -3.488230848853748660e-13
1.004166666666666785e+01 -5.833333333333332593e-01 -3.476259889686234429e-13
1.004166666666666785e+01 -3.750000000000000000e-01 -3.476373680096383811e-13
1.004166666666666785e+01 -1.666666666666666297e-01 -3.476785747260395625e-13
1.004166666666666785e+01 4.166666666666674068e-02 -3.476526006755984772e-13
1.004166666666666785e+01 2.500000000000000000e-01 -3.476798167517872918e-13
1.004166666666666785e+01 4.583333333333334814e-01 -3.476262543223129497e-13
1.004166666666666785e+01 6.666666666666667407e-01 -3.476443153224163204e-13
1.004166666666666785e+01 8.750000000000000000e-01 -3.476673630115636137e-13
1.004166666666666785e+01 1.083333333333333481e+00 -3.400793115789594374e-13
1.004166666666666785e+01 1.291666666666666963e+00 -8.161742973301555276e-13
1.004166666666666785e+01 1.500000000000000000e+00 -6.542870656092675684e-13
1.004166666666666785e+01 1.708333333333333481e+00 -5.148874785630823027e-13
1.004166666666666785e+01 1.916666666666666963e+00 -4.011271907700444565e-13
1.004166666666666785e+01 2.125000000000000000e+00 -3.118162768915538002e-13
1.004166666666666785e+01 2.333333333333333481e+00 -2.404091058621753010e-13
1.004166666666666785e+01 2.541666666666666963e+00 -1.826776457103989303e-13
1.004166666666666785e+01 2.750000000000000000e+00 -1.350494567209452189e-13
1.004166666666666785e+01 2.958333333333333481e+00 -9.489675194160892844e-14
1.004166666666666785e+01 3.166666666666666963e+00 -6.125644541533571958e-14
1.004166666666666785e+01 3.375000000000000000e+00 -3.054674093524537534e-13
1.004166666666666785e+01 3.583333333333333925e+00 -2.040551971689304328e-14
1.004166666666666785e+01 3.791666666666666963e+00 -7.661303035467116407e-15
1.004166666666666785e+01 4.000000000000000000e+00 -2.505816624104646794e-15
1.033333333333333393e+01 -1.000000000000000000e+00 -6.797859916412684079e-13
1.033333333333333393e+01 -7.916666666666666297e-01 -6.793505129149140994e-13
1.033333333333333393e+01 -5.833333333333332593e-01 -6.793215622842099348e-13
1.033333333333333393e+01 -3.750000000000000000e-01 -6.792307199840360769e-13
1.033333333333333393e+01 -1.666666666666666297e-01 -6.792779237423698470e-13
1.033333333333333393e+01 4.166666666666674068e-02 -6.791917313292941743e-13
1.033333333333333393e+01 2.500000000000000000e-01 -6.792092714895718761e-13
1.033333333333333393e+01 4.583333333333334814e-01 -6.793061233295246514e-13
1.033333333333333393e+01 6.666666666666667407e-01 -6.792327469420768504e-13
1.033333333333333393e+01 8.750000000000000000e-01 -6.202072850079637011e-13
1.033333333333333393e+01 1.083333333333333481e+00 -2.004694474204770624e-12
1.033333333333333393e+01 1.291666666666666963e+00 -1.622870025974660236e-12
1.033333333333333393e+01 1.500000000000000000e+00 -1.277881820750028051e-12
1.033333333333333393e+01 1.708333333333333481e+00 -9.944803227161545359e-13
1.033333333333333393e+01 1.916666666666666963e+00 -7.710090865583160041e-13
1.033333333333333393e+01 2.125000000000000000e+00 -5.915504472961951720e-13
1.033333333333333393e+01 2.333333333333333481e+00 -4.454265150560803908e-13
1.033333333333333393e+01 2.541666666666666963e+00 -3.237808895112210647e-13
1.033333333333333393e+01 2.750000000000000000e+00 -2.208560728963452158e-13
1.033333333333333393e+01 2.958333333333333481e+00 -8.835864277139641715e-13
1.033333333333333393e+01 3.166666666666666963e+00 -5.329493651618996255e-13
1.033333333333333393e+01 3.375000000000000000e+00 -4.409021365417851017e-14
1.033333333333333393e+01 3.583333333333333925e+00 -1.374376579282695765e-14
1.033333333333333393e+01 3.791666666666666963e+00 -4.226056823439696696e-15
1.033333333333333393e+01 4.000000000000000000e+00 -1.222264033004910155e-15
1.062500000000000000e+01 -1.000000000000000000e+00 -1.324688966154780699e-12
1.062500000000000000e+01 -7.916666666666666297e-01 -1.324995046763632911e-12
1.062500000000000000e+01 -5.833333333333332593e-01 -1.324736144043072013e-12
1.062500000000000000e+01 -3.750000000000000000e-01 -1.324808428482280115e-12
1.062500000000000000e+01 -1.666666666666666297e-01 -1.324894426009644773e-12
1.062500000000000000e+01 4.166666666666674068e-02 -1.324891729025127714e-12
1.062500000000000000e+01 2.500000000000000000e-01 -1.324947885458948919e-12
1.062500000000000000e+01 4.583333333333334814e-01 -1.324755111139981088e-12
1.062500000000000000e+01 6.666666666666667407e-01 -1.180163078566496698e-12
1.062500000000000000e+01 8.750000000000000000e-01 -4.909785994724366390e-12
1.062500000000000000e+01 1.083333333333333481e+00 -4.019427532277020621e-12
1.062500000000000000e+01 1.291666666666666963e+00 -3.169436755131931933e-12
1.062500000000000000e+01 1.500000000000000000e+00 -2.462904822179066821e-12
1.062500000000000000e+01 1.708333333333333481e+00 -1.903224926890461572e-12
1.062500000000000000e+01 1.916666666666666963e+00 -1.451204160984556141e-12
1.062500000000000000e+01 2.125000000000000000e+00 -1.080085353194646082e-12
1.062500000000000000e+01 2.333333333333333481e+00 -7.684830636345280145e-13
1.062500000000000000e+01 2.541666666666666963e+00 -5.058923870854574496e-13
1.062500000000000000e+01 2.750000000000000000e+00 -2.612810830496568038e-12
1.062500000000000000e+01 2.958333333333333481e+00 -6.425738070547451897e-13
1.062500000000000000e+01 3.166666666666666963e+00 -6.994163682855199223e-14
1.062500000000000000e+01 3.375000000000000000e+00 -2.385108902510549534e-14
1.062500000000000000e+01 3.583333333333333925e+00 -7.071418162153290083e-15
1.062500000000000000e+01 3.791666666666666963e+00 -2.043553012821720448e-15
1.062500000000000000e+01 4.000000000000000000e+00 -6.167917201012466447e-16
1.091666666666666785e+01 -1.000000000000000000e+00 -2.575432770667801535e-12
1.091666666666666785e+01 -7.916666666666666297e-01 -2.575159376769550314e-12
1.091666666666666785e+01 -5.833333333333332593e-01 -2.575194621838932015e-12
1.091666666666666785e+01 -3.750000000000000000e-01 -2.575112940250242654e-12
1.091666666666666785e+01 -1.666666666666666297e-01 -2.575270733269451211e-12
1.091666666666666785e+01 4.166666666666674068e-02 -2.575381724849079185e-12
1.091666666666666785e+01 2.500000000000000000e-01 -2.575307428524081818e-12
1.091666666666666785e+01 4.583333333333334814e-01 -2.359446530587828818e-12
1.091666666666666785e+01 6.666666666666667407e-01 -1.196342770275383242e-11
1.091666666666666785e+01 8.750000000000000000e-01 -9.929852359757369479e-12
1.091666666666666785e+01 1.083333333333333481e+00 -7.848841209372632254e-12
1.091666666666666785e+01 1.291666666666666963e+00 -6.090820142425365138e-12
1.091666666666666785e+01 1.500000000000000000e+00 -4.687829584442655631e-12
1.091666666666666785e+01 1.708333333333333481e+00 -3.546389108731261823e-12
1.091666666666666785e+01 1.916666666666666963e+00 -2.600498533919425974e-12
1.091666666666666785e+01 2.125000000000000000e+00 -1.801421921879998032e-12
1.091666666666666785e+01 2.333333333333333481e+00 -1.138822769900636476e-12
1.091666666666666785e+01 2.541666666666666963e+00 -5.412988026013152475e-12
1.091666666666666785e+01 2.750000000000000000e+00 -9.620896490885271314e-13
1.091666666666666785e+01 2.958333333333333481e+00 -1.281198565068342095e-13
1.091666666666666785e+01 3.166666666666666963e+00 -4.053105811729424249e-14
1.091666666666666785e+01 3.375000000000000000e+00 -1.180244116800383948e-14
1.091666666666666785e+01 3.583333333333333925e+00 -3.450924062531625960e-15
1.091666666666666785e+01 3.791666666666666963e+00 -1.061920453130532404e-15
1.091666666666666785e+01 4.000000000000000000e+00 -2.888062353025804593e-16
1.120833333333333393e+01 -1.000000000000000000e+00 -4.972464886702979969e-12
1.120833333333333393e+01 -7.916666666666666297e-01 -4.972596116214720116e-12
1.120833333333333393e+01 -5.833333333333332593e-01 -4.971815794745985142e-12
1.120833333333333393e+01 -3.750000000000000000e-01 -4.972074322013356467e-12
1.120833333333333393e+01 -1.666666666666666297e-01 -4.972157246329604659e-12
1.120833333333333393e+01 4.166666666666674068e-02 -4.972062463248598786e-12
1.120833333333333393e+01 2.500000000000000000e-01 -4.769458197012731655e-12
1.120833333333333393e+01 4.583333333333334814e-01 -2.885959010923932661e-11
1.120833333333333393e+01 6.666666666666667407e-01 -2.442833833474846845e-11
1.120833333333333393e+01 8.750000000000000000e-01 -1.939364032432188066e-11
1.120833333333333393e+01 1.083333333333333481e+00 -1.503289577665598396e-11
1.120833333333333393e+01 1.291666666666666963e+00 -1.151335121959921894e-11
1.120833333333333393e+01 1.500000000000000000e+00 -8.623239918206338443e-12
1.120833333333333393e+01 1.708333333333333481e+00 -6.204883897777856370e-12
1.120833333333333393e+01 1.916666666666666963e+00 -4.160521458733616615e-12
1.120833333333333393e+01 2.125000000000000000e+00 -2.172321014558138249e-11
1.120833333333333393e+01 2.333333333333333481e+00 -1.023141724796555945e-11
1.120833333333333393e+01 2.541666666666666963e+00 -9.321478346465800794e-13
1.120833333333333393e+01 2.750000000000000000e+00 -2.258734262794042358e-13
1.120833333333333393e+01 2.958333333333333481e+00 -6.813107693960263584e-14
1.120833333333333393e+01 3.166666666666666963e+00 -1.974310976567032104e-14
1.120833333333333393e+01 3.375000000000000000e+00 -5.920403663787933217e-15
1.120833333333333393e+01 3.583333333333333925e+00 -1.800603661445217873e-15
1.120833333333333393e+01 3.791666666666666963e+00 -4.578104742560871580e-16
1.120833333333333393e+01 4.000000000000000000e+00 -1.116922194272744016e-16
1.150000000000000000e+01 -1.000000000000000000e+00 -9.476951515848889165e-12
1.150000000000000000e+01 -7.916666666666666297e-01 -9.476020396616605996e-12
1.150000000000000000e+01 -5.833333333333332593e-01 -9.476612735128023153e-12
1.150000000000000000e+01 -3.750000000000000000e-01 -9.477209264986309579e-12
1.150000000000000000e+01 -1.666666666666666297e-01 -9.476361272781404411e-12
1.150000000000000000e+01 4.166666666666674068e-02 -9.352371079056897497e-12
1.150000000000000000e+01 2.500000000000000000e-01 -6.835916580234693134e-11
1.150000000000000000e+01 4.583333333333334814e-01 -5.962181844309923727e-11
1.150000000000000000e+01 6.666666666666667407e-01 -4.773303038644355429e-11
1.150000000000000000e+01 8.750000000000000000e-01 -3.699745592520231576e-11
1.150000000000000000e+01 1.083333333333333481e+00 -2.816786946747768425e-11
1.150000000000000000e+01 1.291666666666666963e+00 -2.083207880173319091e-11
1.150000000000000000e+01 1.500000000000000000e+00 -1.463837715458411464e-11
1.150000000000000000e+01 1.708333333333333481e+00 -9.448900014656214150e-12
1.150000000000000000e+01 1.916666666666666963e+00 -4.703435830562984634e-11
1.150000000000000000e+01 2.125000000000000000e+00 -1.609937265916158045e-11
1.150000000000000000e+01 2.333333333333333481e+00 -1.183042941980885094e-12
1.150000000000000000e+01 2.541666666666666963e+00 -3.877581048217931280e-13
1.150000000000000000e+01 2.750000000000000000e+00 -1.140684844556107007e-13
1.150000000000000000e+01 2.958333333333333481e+00 -3.331014075647144293e-14
1.150000000000000000e+01 3.166666666666666963e+00 -1.029605068861869234e-14
1.150000000000000000e+01 3.375000000000000000e+00 -2.987353254830374911e-15
1.150000000000000000e+01 3.583333333333333925e+00 -7.454658711464950558e-16
1.150000000000000000e+01 3.791666666666666963e+00 -2.122756189054551191e-16
1.150000000000000000e+01 4.000000000000000000e+00 -8.700779661937048409e-17
1.179166666666666785e+01 -1.000000000000000000e+00 -1.760707839347069307e-11
1.179166666666666785e+01 -7.916666666666666297e-01 -1.760630871919601170e-11
1.179166666666666785e+01 -5.833333333333332593e-01 -1.760620141674162734e-11
1.179166666666666785e+01 -3.750000000000000000e-01 -1.760777758315084564e-11
1.179166666666666785e+01 -1.666666666666666297e-01 -1.757746867996288240e-11
1.179166666666666785e+01 4.166666666666674068e-02 -1.564526929360617922e-10
1.179166666666666785e+01 2.500000000000000000e-01 -1.433881459502724199e-10
1.179166666666666785e+01 4.583333333333334814e-01 -1.167108522810701342e-10
1.179166666666666785e+01 6.666666666666667407e-01 -9.066660562484510703e-11
1.179166666666666785e+01 8.750000000000000000e-01 -6.854995604242311990e-11
1.179166666666666785e+01 1.083333333333333481e+00 -4.990204775459069540e-11
1.179166666666666785e+01 1.291666666666666963e+00 -3.405829275294214719e-11
1.179166666666666785e+01 1.500000000000000000e+00 -2.108147034636997972e-11
1.179166666666666785e+01 1.708333333333333481e+00 -9.354769298469911890e-11
1.179166666666666785e+01 1.916666666666666963e+00 -1.690117427764591936e-11
1.179166666666666785e+01 2.125000000000000000e+00 -2.125079297498030747e-12
1.179166666666666785e+01 2.333333333333333481e+00 -6.558537867302541590e-13
1.179166666666666785e+01 2.541666666666666963e+00 -1.912045602715827923e-13
1.179166666666666785e+01 2.750000000000000000e+00 -5.710408433920178400e-14
1.179166666666666785e+01 2.958333333333333481e+00 -1.788969987854245681e-14
1.179166666666666785e+01 3.166666666666666963e+00 -4.922165418061178792e-15
1.179166666666666785e+01 3.375000000000000000e+00 -1.306967775706813476e-15
1.179166666666666785e+01 3.583333333333333925e+00 -4.610063256530580487e-16
1.179166666666666785e+01 3.791666666666666963e+00 -2.241710325333798737e-16
1.179166666666666785e+01 4.000000000000000000e+00 -1.259451759378924201e-16
1.208333333333333393e+01 -1.000000000000000000e+00 -3.112206909290704941e-11
1.208333333333333393e+01 -7.916666666666666297e-01 -3.112328118260225159e-11
1.208333333333333393e+01 -5.833333333333332593e-01 -3.112673705459696116e-11
1.208333333333333393e+01 -3.750000000000000000e-01 -3.111681792464842471e-11
1.208333333333333393e+01 -1.666666666666666297e-01 -3.359241391093311563e-10
1.208333333333333393e+01 4.166666666666674068e-02 -3.352726137776234454e-10
1.208333333333333393e+01 2.500000000000000000e-01 -2.818824864042793680e-10
1.208333333333333393e+01 4.583333333333334814e-01 -2.207056856721935292e-10
1.208333333333333393e+01 6.666666666666667407e-01 -1.655812475763775002e-10
1.208333333333333393e+01 8.750000000000000000e-01 -1.182210164591755819e-10
1.208333333333333393e+01 1.083333333333333481e+00 -7.795144178726433786e-11
1.208333333333333393e+01 1.291666666666666963e+00 -4.018501690319296897e-10
1.208333333333333393e+01 1.500000000000000000e+00 -1.633136979796491646e-10
1.208333333333333393e+01 1.708333333333333481e+00 -1.080653776872319846e-11
1.208333333333333393e+01 1.916666666666666963e+00 -3.695013268402200131e-12
1.208333333333333393e+01 2.125000000000000000e+00 -1.102142432856231851e-12
1.208333333333333393e+01 2.333333333333333481e+00 -3.225461682337937923e-13
1.208333333333333393e+01 2.541666666666666963e+00 -9.967918551522070762e-14
1.208333333333333393e+01 2.750000000000000000e+00 -3.059617666649831500e-14
1.208333333333333393e+01 2.958333333333333481e+00 -8.268111959205560078e-15
1.208333333333333393e+01 3.166666666666666963e+00 -2.526836539325668768e-15
1.208333333333333393e+01 3.375000000000000000e+00 -1.087368004673990531e-15
1.208333333333333393e+01 3.583333333333333925e+00 -5.854560055344910114e-16
1.208333333333333393e+01 3.791666666666666963e+00 -3.412412836249874520e-16
1.208333333333333393e+01 4.000000000000000000e+00 -2.043048225579531547e-16
1.237500000000000000e+01 -1.000000000000000000e+00 -4.993525457346121376e-11
1.237500000000000000e+01 -7.916666666666666297e-01 -4.994317741843383927e-11
1.237500000000000000e+01 -5.833333333333332593e-01 -4.993538395263770800e-11
1.237500000000000000e+01 -3.750000000000000000e-01 -6.406074012328885307e-10
1.237500000000000000e+01 -1.666666666666666297e-01 -7.434346697813765838e-10
1.237500000000000000e+01 4.166666666666674068e-02 -6.652454590467292415e-10
1.237500000000000000e+01 2.500000000000000000e-01 -5.313752837565703838e-10
1.237500000000000000e+01 4.583333333333334814e-01 -3.955957986360712599e-10
1.237500000000000000e+01 6.666666666666667407e-01 -2.760331928049289983e-10
1.237500000000000000e+01 8.750000000000000000e-01 -1.751347065404204196e-10
1.237500000000000000e+01 1.083333333333333481e+00 -8.272122733874746562e-10
1.237500000000000000e+01 1.291666666666666963e+00 -2.164976051322189103e-10
1.237500000000000000e+01 1.500000000000000000e+00 -1.980826230799790510e-11
1.237500000000000000e+01 1.708333333333333481e+00 -6.291972360397037128e-12
1.237500000000000000e+01 1.916666666666666963e+00 -1.848053480722147472e-12
1.237500000000000000e+01 2.125000000000000000e+00 -5.497459107316654824e-13
1.237500000000000000e+01 2.333333333333333481e+00 -1.745471394315146041e-13
1.237500000000000000e+01 2.541666666666666963e+00 -5.113081584299927165e-14
1.237500000000000000e+01 2.750000000000000000e+00 -1.427791886907346797e-14
1.237500000000000000e+01 2.958333333333333481e+00 -5.147669547729175894e-15
1.237500000000000000e+01 3.166666666666666963e+00 -2.530201222864317809e-15
1.237500000000000000e+01 3.375000000000000000e+00 -1.432859911886271138e-15
1.237500000000000000e+01 3.583333333333333925e+00 -8.493982599783085682e-16
1.237500000000000000e+01 3.791666666666666963e+00 -5.120700870714589458e-16
1.237500000000000000e+01 4.000000000000000000e+00 -3.112267926125517318e-16
1.266666666666666785e+01 -1.000000000000000000e+00 -6.637430077297091754e-11
1.266666666666666785e+01 -7.916666666666666297e-01 -6.637522348695266692e-11
1.266666666666666785e+01 -5.833333333333332593e-01 -9.817610423376876946e-10
1.266666666666666785e+01 -3.750000000000000000e-01 -1.487253503026497407e-09
1.266666666666666785e+01 -1.666666666666666297e-01 -1.502175244687719147e-09
1.266666666666666785e+01 4.166666666666674068e-02 -1.255710942664417253e-09
1.266666666666666785e+01 2.500000000000000000e-01 -9.295414200871687017e-10
1.266666666666666785e+01 4.583333333333334814e-01 -6.323036658144693986e-10
1.266666666666666785e+01 6.666666666666667407e-01 -3.856176815304773966e-10
1.266666666666666785e+01 8.750000000000000000e-01 -1.529241246733137201e-09
1.266666666666666785e+01 1.083333333333333481e+00 -1.470733471507138996e-10
1.266666666666666785e+01 1.291666666666666963e+00 -3.489541061843718759e-11
1.266666666666666785e+01 1.500000000000000000e+00 -1.057301706505935501e-11
1.266666666666666785e+01 1.708333333333333481e+00 -3.090813485620471395e-12
1.266666666666666785e+01 1.916666666666666963e+00 -9.421448151642736419e-13
1.266666666666666785e+01 2.125000000000000000e+00 -2.955865804653019086e-13
1.266666666666666785e+01 2.333333333333333481e+00 -8.154437268291289148e-14
1.266666666666666785e+01 2.541666666666666963e+00 -2.388907297994667550e-14
1.266666666666666785e+01 2.750000000000000000e+00 -9.689015387559201106e-15
1.266666666666666785e+01 2.958333333333333481e+00 -5.073710476876144810e-15
1.266666666666666785e+01 3.166666666666666963e+00 -2.926618348640645653e-15
1.266666666666666785e+01 3.375000000000000000e+00 -1.742887331592244044e-15
1.266666666666666785e+01 3.583333333333333925e+00 -1.051754519696504854e-15
1.266666666666666785e+01 3.791666666666666963e+00 -6.391635949215696346e-16
1.266666666666666785e+01 4.000000000000000000e+00 -3.901259996889458551e-16
1.295833333333333393e+01 -1.000000000000000000e+00 -6.140873913429928664e-11
1.295833333333333393e+01 -7.916666666666666297e-01 -1.005572707497332329e-09
1.295833333333333393e+01 -5.833333333333332593e-01 -2.449196558660858033e-09
1.295833333333333393e+01 -3.750000000000000000e-01 -3.119791829712312086e-09
1.295833333333333393e+01 -1.666666666666666297e-01 -2.875052872074011951e-09
1.295833333333333393e+01 4.166666666666674068e-02 -2.128785500941447198e-09
1.295833333333333393e+01 2.500000000000000000e-01 -1.412550303782203259e-09
1.295833333333333393e+01 4.583333333333334814e-01 -5.529107313519777953e-09
1.295833333333333393e+01 6.666666666666667407e-01 -2.236674855689397249e-09
1.295833333333333393e+01 8.750000000000000000e-01 -1.814757467926163437e-10
1.295833333333333393e+01 1.083333333333333481e+00 -5.960411678907546892e-11
1.295833333333333393e+01 1.291666666666666963e+00 -1.755506149022867797e-11
1.295833333333333393e+01 1.500000000000000000e+00 -5.131021721685822790e-12
1.295833333333333393e+01 1.708333333333333481e+00 -1.587396202811737867e-12
1.295833333333333393e+01 1.916666666666666963e+00 -4.612379778142054698e-13
1.295833333333333393e+01 2.125000000000000000e+00 -1.155073149060913620e-13
1.295833333333333393e+01 2.333333333333333481e+00 -3.309856005694630322e-14
1.295833333333333393e+01 2.541666666666666963e+00 -1.363247153324140830e-14
1.295833333333333393e+01 2.750000000000000000e+00 -7.143477011195099436e-15
1.295833333333333393e+01 2.958333333333333481e+00 -4.091826056153799784e-15
1.295833333333333393e+01 3.166666666666666963e+00 -2.420654577267056439e-15
1.295833333333333393e+01 3.375000000000000000e+00 -1.453331675502389800e-15
1.295833333333333393e+01 3.583333333333333925e+00 -8.797965321673337582e-16
1.295833333333333393e+01 3.791666666666666963e+00 -5.353864075272010723e-16
1.295833333333333393e+01 4.000000000000000000e+00 -3.269703795112379022e-16
1.325000000000000000e+01 -1.000000000000000000e+00 -4.881500171806887829e-10
1.325000000000000000e+01 -7.916666666666666297e-01 -2.803545249086612317e-09
1.325000000000000000e+01 -5.833333333333332593e-01 -5.557048307075294572e-09
1.325000000000000000e+01 -3.750000000000000000e-01 -6.254126441998397278e-09
1.325000000000000000e+01 -1.666666666666666297e-01 -4.688980472280018202e-09
1.325000000000000000e+01 4.166666666666674068e-02 -3.055344903735121057e-09
1.325000000000000000e+01 2.500000000000000000e-01 -1.075132859790690745e-08
1.325000000000000000e+01 4.583333333333334814e-01 -1.787133152578849898e-09
1.325000000000000000e+01 6.666666666666667407e-01 -3.230681892212483866e-10
1.325000000000000000e+01 8.750000000000000000e-01 -9.968199502356339640e-11
1.325000000000000000e+01 1.083333333333333481e+00 -2.886146626887112327e-11
1.325000000000000000e+01 1.291666666666666963e+00 -8.479330512617522929e-12
1.325000000000000000e+01 1.500000000000000000e+00 -2.573016679747279175e-12
1.325000000000000000e+01 1.708333333333333481e+00 -6.504044488270091001e-13
1.325000000000000000e+01 1.916666666666666963e+00 -1.369859561030896315e-13
1.325000000000000000e+01 2.125000000000000000e+00 -3.234650786217559308e-14
1.325000000000000000e+01 2.333333333333333481e+00 -1.117289942629235047e-14
1.325000000000000000e+01 2.541666666666666963e+00 -5.230503610142215285e-15
1.325000000000000000e+01 2.750000000000000000e+00 -2.812682991082281698e-15
1.325000000000000000e+01 2.958333333333333481e+00 -1.605775168106366135e-15
1.325000000000000000e+01 3.166666666666666963e+00 -9.442916033055134771e-16
1.325000000000000000e+01 3.375000000000000000e+00 -5.644832413974739590e-16
1.325000000000000000e+01 3.583333333333333925e+00 -3.407060356162106521e-16
1.325000000000000000e+01 3.791666666666666963e+00 -2.069268870972071882e-16
1.325000000000000000e+01 4.000000000000000000e+00 -1.262128863831519622e-16
1.354166666666666785e+01 -1.000000000000000000e+00 -1.650352491160341378e-09
1.354166666666666785e+01 -7.916666666666666297e-01 -7.538264318576829753e-09
1.354166666666666785e+01 -5.833333333333332593e-01 -1.259574769249255151e-08
1.354166666666666785e+01 -3.750000000000000000e-01 -9.751440460668689050e-09
1.354166666666666785e+01 -1.666666666666666297e-01 -6.336498649771648284e-09
1.354166666666666785e+01 4.166666666666674068e-02 -1.325717557554476808e-08
1.354166666666666785e+01 2.500000000000000000e-01 -1.603047654559092011e-09
1.354166666666666785e+01 4.583333333333334814e-01 -5.541307921865814651e-10
1.354166666666666785e+01 6.666666666666667407e-01 -1.650394709816931662e-10
1.354166666666666785e+01 8.750000000000000000e-01 -4.758767152218869077e-11
1.354166666666666785e+01 1.083333333333333481e+00 -1.422610332187840054e-11
1.354166666666666785e+01 1.291666666666666963e+00 -4.062377475622871908e-12
1.354166666666666785e+01 1.500000000000000000e+00 -8.897103678542959387e-13
1.354166666666666785e+01 1.708333333333333481e+00 -1.601972590278089589e-13
1.354166666666666785e+01 1.916666666666666963e+00 -2.990829402069037001e-14
1.354166666666666785e+01 2.125000000000000000e+00 -7.118743804770889835e-15
1.354166666666666785e+01 2.333333333333333481e+00 -2.207144610745249288e-15
1.354166666666666785e+01 2.541666666666666963e+00 -8.334285694021830396e-16
1.354166666666666785e+01 2.750000000000000000e+00 -3.659633030246403085e-16
1.354166666666666785e+01 2.958333333333333481e+00 -1.808316377610834246e-16
1.354166666666666785e+01 3.166666666666666963e+00 -9.732822935730970217e-17
1.354166666666666785e+01 3.375000000000000000e+00 -5.523875287418539289e-17
1.354166666666666785e+01 3.583333333333333925e+00 -3.243054571844628536e-17
1.354166666666666785e+01 3.791666666666666963e+00 -1.941843312642418518e-17
1.354166666666666785e+01 4.000000000000000000e+00 -1.175326527809503857e-17
1.383333333333333393e+01 -1.000000000000000000e+00 -6.325122292752885862e-09
1.383333333333333393e+01 -7.916666666666666297e-01 -2.279473160005475318e-08
1.383333333333333393e+01 -5.833333333333332593e-01 -1.866886531492798461e-08
1.383333333333333393e+01 -3.750000000000000000e-01 -1.238799980665785078e-08
1.383333333333333393e+01 -1.666666666666666297e-01 -8.464026543232888263e-09
1.383333333333333393e+01 4.166666666666674068e-02 -2.844921124287518403e-09
1.383333333333333393e+01 2.500000000000000000e-01 -9.230678462094488086e-10
1.383333333333333393e+01 4.583333333333334814e-01 -2.715091519583035860e-10
1.383333333333333393e+01 6.666666666666667407e-01 -7.924640855859047155e-11
1.383333333333333393e+01 8.750000000000000000e-01 -2.402516361327742159e-11
1.383333333333333393e+01 1.083333333333333481e+00 -6.232510626065318988e-12
1.383333333333333393e+01 1.291666666666666963e+00 -1.227885481791962788e-12
1.383333333333333393e+01 1.500000000000000000e+00 -2.119690276571682983e-13
1.383333333333333393e+01 1.708333333333333481e+00 -4.006157610147479634e-14
1.383333333333333393e+01 1.916666666666666963e+00 -9.270742665807115896e-15
1.383333333333333393e+01 2.125000000000000000e+00 -2.495589731238007578e-15
1.383333333333333393e+01 2.333333333333333481e+00 -7.220738408003897284e-16
1.383333333333333393e+01 2.541666666666666963e+00 -2.156985810345020037e-16
1.383333333333333393e+01 2.750000000000000000e+00 -6.570661400120886529e-17
1.383333333333333393e+01 2.958333333333333481e+00 -2.033297438811221135e-17
1.383333333333333393e+01 3.166666666666666963e+00 -6.391864356632054943e-18
1.383333333333333393e+01 3.375000000000000000e+00 -2.141846175059962546e-18
1.383333333333333393e+01 3.583333333333333925e+00 -7.832221273555765881e-19
1.383333333333333393e+01 3.791666666666666963e+00 -3.198247439046086491e-19
1.383333333333333393e+01 4.000000000000000000e+00 -1.434134702699835289e-19
1.412500000000000000e+01 -1.000000000000000000e+00 -3.626285003221197844e-08
1.412500000000000000e+01 -7.916666666666666297e-01 -3.210247088478553275e-08
1.412500000000000000e+01 -5.833333333333332593e-01 -2.231276738055991358e-08
1.412500000000000000e+01 -3.750000000000000000e-01 -1.210259773697937403e-08
1.412500000000000000e+01 -1.666666666666666297e-01 -4.737031306783341483e-09
1.412500000000000000e+01 4.166666666666674068e-02 -1.494253699397754224e-09
1.412500000000000000e+01 2.500000000000000000e-01 -4.423520485744575701e-10
1.412500000000000000e+01 4.583333333333334814e-01 -1.328962771732081475e-10
1.412500000000000000e+01 6.666666666666667407e-01 -3.946748772799061030e-11
1.412500000000000000e+01 8.750000000000000000e-01 -9.141952116778681226e-12
1.412500000000000000e+01 1.083333333333333481e+00 -1.667907367281772794e-12
1.412500000000000000e+01 1.291666666666666963e+00 -2.913166790057232054e-13
1.412500000000000000e+01 1.500000000000000000e+00 -5.954755422726819625e-14
1.412500000000000000e+01 1.708333333333333481e+00 -1.478078339307746050e-14
1.412500000000000000e+01 1.916666666666666963e+00 -4.115357182875981357e-15
1.412500000000000000e+01 2.125000000000000000e+00 -1.203052917926253853e-15
1.412500000000000000e+01 2.333333333333333481e+00 -3.587200673856758883e-16
1.412500000000000000e+01 2.541666666666666963e+00 -1.079299209032715102e-16
1.412500000000000000e+01 2.750000000000000000e+00 -3.220184332673898525e-17
1.412500000000000000e+01 2.958333333333333481e+00 -9.589386704639005648e-18
1.412500000000000000e+01 3.166666666666666963e+00 -2.906956218979143642e-18
1.412500000000000000e+01 3.375000000000000000e+00 -8.897971600931785351e-19
1.412500000000000000e+01 3.583333333333333925e+00 -2.732009764622811402e-19
1.412500000000000000e+01 3.791666666666666963e+00 -8.412250661134480040e-20
1.412500000000000000e+01 4.000000000000000000e+00 -2.595260220278446256e-20
1.441666666666666785e+01 -1.000000000000000000e+00 -4.907860428391598604e-08
1.441666666666666785e+01 -7.916666666666666297e-01 -3.631899192755920780e-08
1.441666666666666785e+01 -5.833333333333332593e-01 -1.963543195165285709e-08
1.441666666666666785e+01 -3.750000000000000000e-01 -7.411823506828814808e-09
1.441666666666666785e+01 -1.666666666666666297e-01 -2.342762662344307346e-09
1.441666666666666785e+01 4.166666666666674068e-02 -7.118153852475710689e-10
1.441666666666666785e+01 2.500000000000000000e-01 -2.221623149959675046e-10
1.441666666666666785e+01 4.583333333333334814e-01 -6.171205550512456495e-11
1.441666666666666785e+01 6.666666666666667407e-01 -1.285106092696926874e-11
1.441666666666666785e+01 8.750000000000000000e-01 -2.245372902001112482e-12
1.441666666666666785e+01 1.083333333333333481e+00 -4.111542358899637130e-13
1.441666666666666785e+01 1.291666666666666963e+00 -9.145338603418929509e-14
1.441666666666666785e+01 1.500000000000000000e+00 -2.403697107647035901e-14
1.441666666666666785e+01 1.708333333333333481e+00 -6.863632409213913742e-15
1.441666666666666785e+01 1.916666666666666963e+00 -2.026799895499699344e-15
1.441666666666666785e+01 2.125000000000000000e+00 -6.071134104603105893e-16
1.441666666666666785e+01 2.333333333333333481e+00 -1.827219764705972146e-16
1.441666666666666785e+01 2.541666666666666963e+00 -5.416793995526231931e-17
1.441666666666666785e+01 2.750000000000000000e+00 -1.625797973426423364e-17
1.441666666666666785e+01 2.958333333333333481e+00 -5.003169947884822282e-18
1.441666666666666785e+01 3.166666666666666963e+00 -1.525455052051904944e-18
1.441666666666666785e+01 3.375000000000000000e+00 -4.853211621046983354e-19
1.441666666666666785e+01 3.583333333333333925e+00 -1.347299847967357988e-19
1.441666666666666785e+01 3.791666666666666963e+00 -2.614296220722240657e-20
1.441666666666666785e+01 4.000000000000000000e+00 -1.401215267793371968e-20
1.470833333333333393e+01 -1.000000000000000000e+00 -5.323655874019825019e-08
1.470833333333333393e+01 -7.916666666666666297e-01 -2.915216389535721345e-08
1.470833333333333393e+01 -5.833333333333332593e-01 -1.100788057943068833e-08
1.470833333333333393e+01 -3.750000000000000000e-01 -3.554223938423400298e-09
1.470833333333333393e+01 -1.666666666666666297e-01 -1.129161585090132273e-09
1.470833333333333393e+01 4.166666666666674068e-02 -3.602859368117381171e-10
1.470833333333333393e+01 2.500000000000000000e-01 -9.098128249025942410e-11
1.470833333333333393e+01 4.583333333333334814e-01 -1.742410477206161371e-11
1.470833333333333393e+01 6.666666666666667407e-01 -3.034897893687699041e-12
1.470833333333333393e+01 8.750000000000000000e-01 -5.986517454672375294e-13
1.470833333333333393e+01 1.083333333333333481e+00 -1.441397667817491502e-13
1.470833333333333393e+01 1.291666666666666963e+00 -3.956487768502020639e-14
1.470833333333333393e+01 1.500000000000000000e+00 -1.150235452927611797e-14
1.470833333333333393e+01 1.708333333333333481e+00 -3.421735672241833290e-15
1.470833333333333393e+01 1.916666666666666963e+00 -1.028563484940427450e-15
1.470833333333333393e+01 2.125000000000000000e+00 -3.077636300428808841e-16
1.470833333333333393e+01 2.333333333333333481e+00 -9.155576882283095480e-17
1.470833333333333393e+01 2.541666666666666963e+00 -2.690758953172509647e-17
1.470833333333333393e+01 2.750000000000000000e+00 -8.001844218207141775e-18
1.470833333333333393e+01 2.958333333333333481e+00 -2.587341200798957562e-18
1.470833333333333393e+01 3.166666666666666963e+00 -6.469574647952768831e-19
1.470833333333333393e+01 3.375000000000000000e+00 -2.354693143328771718e-19
1.470833333333333393e+01 3.583333333333333925e+00 -2.984106161098947143e-20
1.470833333333333393e+01 3.791666666666666963e+00 -2.110348410311575807e-20
1.470833333333333393e+01 4.000000000000000000e+00 -8.510767897813210883e-21
1.500000000000000000e+01 -1.000000000000000000e+00 -4.037933089154489237e-08
1.500000000000000000e+01 -7.916666666666666297e-01 -1.574209279589415279e-08
1.500000000000000000e+01 -5.833333333333332593e-01 -5.263137678056822966e-09
1.500000000000000000e+01 -3.750000000000000000e-01 -1.762626426500332999e-09
1.500000000000000000e+01 -1.666666666666666297e-01 -5.477637415084098503e-10
1.500000000000000000e+01 4.166666666666674068e-02 -1.254109744071308171e-10
1.500000000000000000e+01 2.500000000000000000e-01 -2.286287232748297530e-11
1.500000000000000000e+01 4.583333333333334814e-01 -4.147273338385823059e-12
1.500000000000000000e+01 6.666666666666667407e-01 -8.968305874617170092e-13
1.500000000000000000e+01 8.750000000000000000e-01 -2.314355255244204046e-13
1.500000000000000000e+01 1.083333333333333481e+00 -6.562357317747562552e-14
1.500000000000000000e+01 1.291666666666666963e+00 -1.933169625756918707e-14
1.500000000000000000e+01 1.500000000000000000e+00 -5.784337500843221400e-15
1.500000000000000000e+01 1.708333333333333481e+00 -1.742352580225784742e-15
1.500000000000000000e+01 1.916666666666666963e+00 -5.181361672457996057e-16
1.500000000000000000e+01 2.125000000000000000e+00 -1.549354993647321923e-16
1.500000000000000000e+01 2.333333333333333481e+00 -4.709249342591507764e-17
1.500000000000000000e+01 2.541666666666666963e+00 -1.472787284544682686e-17
1.500000000000000000e+01 2.750000000000000000e+00 -4.785732158438774345e-18
1.500000000000000000e+01 2.958333333333333481e+00 -1.367960413795446357e-18
1.500000000000000000e+01 3.166666666666666963e+00 -4.040784333430744090e-19
1.500000000000000000e+01 3.375000000000000000e+00 -1.310933336792883613e-19
1.500000000000000000e+01 3.583333333333333925e+00 -4.626627689089685843e-20
1.500000000000000000e+01 3.791666666666666963e+00 -8.538861210724166473e-21
1.500000000000000000e+01 4.000000000000000000e+00 -4.438078278030669911e-21
